# Force and moment coefficients
# dragDir     : (1.000000e+00 0.000000e+00 0.000000e+00)
# sideDir     : (0.000000e+00 0.000000e+00 -1.000000e+00)
# liftDir     : (0.000000e+00 1.000000e+00 0.000000e+00)
# rollAxis    : (1.000000e+00 0.000000e+00 0.000000e+00)
# pitchAxis   : (0.000000e+00 0.000000e+00 -1.000000e+00)
# yawAxis     : (0.000000e+00 1.000000e+00 0.000000e+00)
# magUInf     : 1.000000e+01
# lRef        : 1.000000e+00
# Aref        : 1.000000e+00
# CofR        : (0.000000e+00 0.000000e+00 0.000000e+00)
#
# Time        	Cd            	Cd(f)         	Cd(r)         	Cl            	Cl(f)         	Cl(r)         	CmPitch       	CmRoll        	CmYaw         	Cs            	Cs(f)         	Cs(r)         
1             	5.688452e-01	2.761744e-01	2.926708e-01	1.649638e-02	4.461246e-03	1.203514e-02	-3.786945e-03	-8.248191e-03	2.844226e-01	-1.118429e-19	2.844226e-01	-2.844226e-01
2             	7.913465e-01	3.859721e-01	4.053745e-01	1.940244e-02	3.960222e-03	1.544221e-02	-5.740996e-03	-9.701218e-03	3.956733e-01	-1.524214e-19	3.956733e-01	-3.956733e-01
3             	7.103092e-01	3.446762e-01	3.656330e-01	2.095678e-02	3.681154e-03	1.727562e-02	-6.797235e-03	-1.047839e-02	3.551546e-01	-1.288340e-19	3.551546e-01	-3.551546e-01
4             	4.574215e-01	2.176488e-01	2.397727e-01	2.212398e-02	3.833847e-03	1.829013e-02	-7.228144e-03	-1.106199e-02	2.287108e-01	-7.124015e-20	2.287108e-01	-2.287108e-01
5             	1.561217e-01	6.409284e-02	9.202891e-02	2.793608e-02	7.485316e-03	2.045076e-02	-6.482722e-03	-1.396804e-02	7.806087e-02	-3.138890e-21	7.806087e-02	-7.806087e-02
6             	-8.727142e-02	-6.078916e-02	-2.648226e-02	3.430690e-02	1.103253e-02	2.327437e-02	-6.120920e-03	-1.715345e-02	-4.363571e-02	4.902626e-20	-4.363571e-02	4.363571e-02
7             	-2.190301e-01	-1.296442e-01	-8.938593e-02	4.025828e-02	1.397617e-02	2.628211e-02	-6.152966e-03	-2.012914e-02	-1.095151e-01	7.522763e-20	-1.095151e-01	1.095151e-01
8             	-2.370166e-01	-1.393339e-01	-9.768266e-02	4.165124e-02	1.387032e-02	2.778091e-02	-6.955295e-03	-2.082562e-02	-1.185083e-01	7.752965e-20	-1.185083e-01	1.185083e-01
9             	-1.724164e-01	-1.073069e-01	-6.510953e-02	4.219736e-02	1.311794e-02	2.907943e-02	-7.980743e-03	-2.109868e-02	-8.620821e-02	6.280412e-20	-8.620821e-02	8.620821e-02
10            	-7.157208e-02	-5.727382e-02	-1.429826e-02	4.297557e-02	1.317343e-02	2.980213e-02	-8.314349e-03	-2.148778e-02	-3.578604e-02	4.151078e-20	-3.578604e-02	3.578604e-02
11            	2.503137e-02	-9.843938e-03	3.487531e-02	4.471924e-02	1.386072e-02	3.085852e-02	-8.498898e-03	-2.235962e-02	1.251568e-02	2.178807e-20	1.251568e-02	-1.251568e-02
12            	9.157744e-02	2.234165e-02	6.923579e-02	4.689414e-02	1.507342e-02	3.182072e-02	-8.373651e-03	-2.344707e-02	4.578872e-02	8.679583e-21	4.578872e-02	-4.578872e-02
13            	1.197045e-01	3.524186e-02	8.446264e-02	4.922078e-02	1.652527e-02	3.269551e-02	-8.085119e-03	-2.461039e-02	5.985225e-02	3.728141e-21	5.985225e-02	-5.985225e-02
14            	1.146407e-01	3.183020e-02	8.281053e-02	5.098034e-02	1.779681e-02	3.318353e-02	-7.693361e-03	-2.549017e-02	5.732037e-02	5.552136e-21	5.732037e-02	-5.732037e-02
15            	8.867933e-02	1.775807e-02	7.092126e-02	5.316319e-02	1.906623e-02	3.409696e-02	-7.515365e-03	-2.658159e-02	4.433966e-02	1.148653e-20	4.433966e-02	-4.433966e-02
16            	5.593828e-02	3.309077e-04	5.560737e-02	5.527646e-02	2.033354e-02	3.494293e-02	-7.304694e-03	-2.763823e-02	2.796914e-02	1.825682e-20	2.796914e-02	-2.796914e-02
17            	2.762925e-02	-1.505178e-02	4.268103e-02	5.773280e-02	2.183394e-02	3.589887e-02	-7.032467e-03	-2.886640e-02	1.381462e-02	2.386734e-20	1.381462e-02	-1.381462e-02
18            	9.981467e-03	-2.484534e-02	3.482681e-02	5.967215e-02	2.311768e-02	3.655447e-02	-6.718396e-03	-2.983607e-02	4.990734e-03	2.713735e-20	4.990734e-03	-4.990734e-03
19            	4.130056e-03	-2.849289e-02	3.262295e-02	6.111584e-02	2.398642e-02	3.712942e-02	-6.571500e-03	-3.055792e-02	2.065028e-03	2.809942e-20	2.065028e-03	-2.065028e-03
20            	7.540535e-03	-2.747529e-02	3.501582e-02	6.249111e-02	2.460933e-02	3.788179e-02	-6.636229e-03	-3.124556e-02	3.770267e-03	2.722029e-20	3.770267e-03	-3.770267e-03
21            	1.606850e-02	-2.354460e-02	3.961310e-02	6.315769e-02	2.468756e-02	3.847014e-02	-6.891289e-03	-3.157885e-02	8.034250e-03	2.539512e-20	8.034250e-03	-8.034250e-03
22            	2.582403e-02	-1.872052e-02	4.454455e-02	6.326507e-02	2.436916e-02	3.889591e-02	-7.263378e-03	-3.163253e-02	1.291202e-02	2.343907e-20	1.291202e-02	-1.291202e-02
23            	3.391087e-02	-1.452701e-02	4.843788e-02	6.296488e-02	2.404511e-02	3.891978e-02	-7.437335e-03	-3.148244e-02	1.695544e-02	2.198456e-20	1.695544e-02	-1.695544e-02
24            	3.878662e-02	-1.189810e-02	5.068471e-02	6.258281e-02	2.386926e-02	3.871355e-02	-7.422143e-03	-3.129141e-02	1.939331e-02	2.124331e-20	1.939331e-02	-1.939331e-02
25            	4.016994e-02	-1.122344e-02	5.139338e-02	6.261682e-02	2.406921e-02	3.854760e-02	-7.239195e-03	-3.130841e-02	2.008497e-02	2.124303e-20	2.008497e-02	-2.008497e-02
26            	3.885099e-02	-1.225590e-02	5.110689e-02	6.336279e-02	2.469191e-02	3.867088e-02	-6.989483e-03	-3.168140e-02	1.942550e-02	2.161104e-20	1.942550e-02	-1.942550e-02
27            	3.599816e-02	-1.430600e-02	5.030416e-02	6.461016e-02	2.562033e-02	3.898982e-02	-6.684746e-03	-3.230508e-02	1.799908e-02	2.215982e-20	1.799908e-02	-1.799908e-02
28            	3.288380e-02	-1.657762e-02	4.946142e-02	6.603904e-02	2.649081e-02	3.954823e-02	-6.528707e-03	-3.301952e-02	1.644190e-02	2.260903e-20	1.644190e-02	-1.644190e-02
29            	3.024972e-02	-1.839529e-02	4.864501e-02	6.704030e-02	2.709785e-02	3.994245e-02	-6.422302e-03	-3.352015e-02	1.512486e-02	2.286278e-20	1.512486e-02	-1.512486e-02
30            	2.861632e-02	-1.975228e-02	4.836860e-02	6.812089e-02	2.772401e-02	4.039688e-02	-6.336435e-03	-3.406044e-02	1.430816e-02	2.292653e-20	1.430816e-02	-1.430816e-02
31            	2.809592e-02	-2.017585e-02	4.827177e-02	6.844762e-02	2.791124e-02	4.053638e-02	-6.312569e-03	-3.422381e-02	1.404796e-02	2.287597e-20	1.404796e-02	-1.404796e-02
32            	2.847879e-02	-2.006331e-02	4.854210e-02	6.860541e-02	2.810060e-02	4.050480e-02	-6.202101e-03	-3.430270e-02	1.423940e-02	2.271216e-20	1.423940e-02	-1.423940e-02
33            	2.940230e-02	-1.947827e-02	4.888058e-02	6.835885e-02	2.812611e-02	4.023274e-02	-6.053314e-03	-3.417943e-02	1.470115e-02	2.256192e-20	1.470115e-02	-1.470115e-02
34            	3.042129e-02	-1.872639e-02	4.914768e-02	6.787407e-02	2.812109e-02	3.975299e-02	-5.815948e-03	-3.393704e-02	1.521065e-02	2.246469e-20	1.521065e-02	-1.521065e-02
35            	3.130492e-02	-1.823674e-02	4.954166e-02	6.777840e-02	2.827725e-02	3.950116e-02	-5.611954e-03	-3.388920e-02	1.565246e-02	2.243075e-20	1.565246e-02	-1.565246e-02
36            	3.185538e-02	-1.820068e-02	5.005606e-02	6.825673e-02	2.871205e-02	3.954468e-02	-5.416317e-03	-3.412837e-02	1.592769e-02	2.245490e-20	1.592769e-02	-1.592769e-02
37            	3.207441e-02	-1.848585e-02	5.056026e-02	6.904611e-02	2.925766e-02	3.978845e-02	-5.265395e-03	-3.452305e-02	1.603721e-02	2.249986e-20	1.603721e-02	-1.603721e-02
38            	3.202154e-02	-1.899694e-02	5.101847e-02	7.001541e-02	2.989401e-02	4.012139e-02	-5.113689e-03	-3.500770e-02	1.601077e-02	2.254469e-20	1.601077e-02	-1.601077e-02
39            	3.183676e-02	-1.938119e-02	5.121795e-02	7.059915e-02	3.036623e-02	4.023291e-02	-4.933338e-03	-3.529957e-02	1.591838e-02	2.256095e-20	1.591838e-02	-1.591838e-02
40            	3.164130e-02	-1.970134e-02	5.134264e-02	7.104398e-02	3.083125e-02	4.021272e-02	-4.690734e-03	-3.552199e-02	1.582065e-02	2.254668e-20	1.582065e-02	-1.582065e-02
41            	3.159892e-02	-1.990745e-02	5.150637e-02	7.141381e-02	3.129907e-02	4.011475e-02	-4.407841e-03	-3.570691e-02	1.579946e-02	2.249665e-20	1.579946e-02	-1.579946e-02
42            	3.175919e-02	-1.981211e-02	5.157130e-02	7.138340e-02	3.164903e-02	3.973437e-02	-4.042672e-03	-3.569170e-02	1.587959e-02	2.241925e-20	1.587959e-02	-1.587959e-02
43            	3.216374e-02	-1.944550e-02	5.160924e-02	7.105474e-02	3.195060e-02	3.910414e-02	-3.576769e-03	-3.552737e-02	1.608187e-02	2.231074e-20	1.608187e-02	-1.608187e-02
44            	3.280019e-02	-1.915778e-02	5.195797e-02	7.111575e-02	3.244539e-02	3.867036e-02	-3.112486e-03	-3.555787e-02	1.640010e-02	2.214291e-20	1.640010e-02	-1.640010e-02
45            	3.361548e-02	-1.882685e-02	5.244234e-02	7.126919e-02	3.305441e-02	3.821479e-02	-2.580190e-03	-3.563460e-02	1.680774e-02	2.196150e-20	1.680774e-02	-1.680774e-02
46            	3.468484e-02	-1.859213e-02	5.327697e-02	7.186910e-02	3.382543e-02	3.804367e-02	-2.109117e-03	-3.593455e-02	1.734242e-02	2.174967e-20	1.734242e-02	-1.734242e-02
47            	3.582530e-02	-1.847672e-02	5.430202e-02	7.277874e-02	3.479840e-02	3.798034e-02	-1.590969e-03	-3.638937e-02	1.791265e-02	2.153023e-20	1.791265e-02	-1.791265e-02
48            	3.728856e-02	-1.820551e-02	5.549407e-02	7.369958e-02	3.573677e-02	3.796281e-02	-1.113017e-03	-3.684979e-02	1.864428e-02	2.128857e-20	1.864428e-02	-1.864428e-02
49            	3.914192e-02	-1.752740e-02	5.666932e-02	7.419672e-02	3.645166e-02	3.774506e-02	-6.466996e-04	-3.709836e-02	1.957096e-02	2.099122e-20	1.957096e-02	-1.957096e-02
50            	4.131987e-02	-1.657864e-02	5.789850e-02	7.447714e-02	3.712283e-02	3.735432e-02	-1.157447e-04	-3.723857e-02	2.065993e-02	2.062861e-20	2.065993e-02	-2.065993e-02
51            	4.372126e-02	-1.557951e-02	5.930076e-02	7.488027e-02	3.798028e-02	3.689999e-02	5.401480e-04	-3.744013e-02	2.186063e-02	2.021102e-20	2.186063e-02	-2.186063e-02
52            	4.681162e-02	-1.524964e-02	6.206126e-02	7.731091e-02	4.025310e-02	3.705780e-02	1.597652e-03	-3.865545e-02	2.340581e-02	1.960678e-20	2.340581e-02	-2.340581e-02
53            	4.918672e-02	-1.123187e-02	6.041858e-02	7.165045e-02	3.653617e-02	3.511429e-02	7.109405e-04	-3.582523e-02	2.459336e-02	1.844045e-20	2.459336e-02	-2.459336e-02
54            	5.256138e-02	-8.543535e-03	6.110491e-02	6.964845e-02	3.552177e-02	3.412667e-02	6.975513e-04	-3.482422e-02	2.628069e-02	1.773731e-20	2.628069e-02	-2.628069e-02
55            	5.491872e-02	-7.249339e-03	6.216806e-02	6.941740e-02	3.577961e-02	3.363779e-02	1.070910e-03	-3.470870e-02	2.745936e-02	1.717072e-20	2.745936e-02	-2.745936e-02
56            	5.815992e-02	-6.843455e-03	6.500338e-02	7.184683e-02	3.785818e-02	3.398865e-02	1.934765e-03	-3.592342e-02	2.907996e-02	1.665527e-20	2.907996e-02	-2.907996e-02
57            	6.110212e-02	-6.599083e-03	6.770120e-02	7.430028e-02	3.982602e-02	3.447426e-02	2.675876e-03	-3.715014e-02	3.055106e-02	1.608571e-20	3.055106e-02	-3.055106e-02
58            	6.472060e-02	-6.013911e-03	7.073451e-02	7.674842e-02	4.167488e-02	3.507354e-02	3.300666e-03	-3.837421e-02	3.236030e-02	1.541503e-20	3.236030e-02	-3.236030e-02
59            	6.803389e-02	-4.502743e-03	7.253663e-02	7.703937e-02	4.194283e-02	3.509655e-02	3.423141e-03	-3.851969e-02	3.401694e-02	1.466897e-20	3.401694e-02	-3.401694e-02
60            	7.195290e-02	-2.772241e-03	7.472514e-02	7.749738e-02	4.237211e-02	3.512526e-02	3.623425e-03	-3.874869e-02	3.597645e-02	1.394325e-20	3.597645e-02	-3.597645e-02
61            	7.542323e-02	-5.628537e-04	7.598609e-02	7.654894e-02	4.180093e-02	3.474801e-02	3.526458e-03	-3.827447e-02	3.771162e-02	1.321473e-20	3.771162e-02	-3.771162e-02
62            	7.938119e-02	1.355193e-03	7.802600e-02	7.667080e-02	4.201315e-02	3.465766e-02	3.677744e-03	-3.833540e-02	3.969060e-02	1.253472e-20	3.969060e-02	-3.969060e-02
63            	8.290284e-02	3.128271e-03	7.977457e-02	7.664630e-02	4.209164e-02	3.455465e-02	3.768495e-03	-3.832315e-02	4.145142e-02	1.186710e-20	4.145142e-02	-4.145142e-02
64            	8.670044e-02	4.526012e-03	8.217443e-02	7.764842e-02	4.288992e-02	3.475850e-02	4.065712e-03	-3.882421e-02	4.335022e-02	1.125747e-20	4.335022e-02	-4.335022e-02
65            	9.023416e-02	5.850953e-03	8.438320e-02	7.853225e-02	4.355848e-02	3.497377e-02	4.292356e-03	-3.926612e-02	4.511708e-02	1.066258e-20	4.511708e-02	-4.511708e-02
66            	9.392900e-02	7.085162e-03	8.684384e-02	7.975868e-02	4.446403e-02	3.529464e-02	4.584694e-03	-3.987934e-02	4.696450e-02	1.008905e-20	4.696450e-02	-4.696450e-02
67            	9.748419e-02	8.451252e-03	8.903294e-02	8.058169e-02	4.507885e-02	3.550284e-02	4.788002e-03	-4.029084e-02	4.874210e-02	9.513810e-21	4.874210e-02	-4.874210e-02
68            	1.011049e-01	9.887665e-03	9.121724e-02	8.132957e-02	4.566049e-02	3.566908e-02	4.995704e-03	-4.066479e-02	5.055245e-02	8.943534e-21	5.055245e-02	-5.055245e-02
69            	1.046762e-01	1.145040e-02	9.322578e-02	8.177538e-02	4.605448e-02	3.572091e-02	5.166785e-03	-4.088769e-02	5.233809e-02	8.384068e-21	5.233809e-02	-5.233809e-02
70            	1.082962e-01	1.302956e-02	9.526667e-02	8.223711e-02	4.649032e-02	3.574679e-02	5.371763e-03	-4.111855e-02	5.414812e-02	7.836443e-21	5.414812e-02	-5.414812e-02
71            	1.119708e-01	1.462378e-02	9.734704e-02	8.272326e-02	4.696360e-02	3.575966e-02	5.601973e-03	-4.136163e-02	5.598541e-02	7.310399e-21	5.598541e-02	-5.598541e-02
72            	1.156013e-01	1.620570e-02	9.939557e-02	8.318987e-02	4.748815e-02	3.570172e-02	5.893216e-03	-4.159494e-02	5.780063e-02	6.811246e-21	5.780063e-02	-5.780063e-02
73            	1.192539e-01	1.778262e-02	1.014713e-01	8.368868e-02	4.794128e-02	3.574739e-02	6.096943e-03	-4.184434e-02	5.962695e-02	6.323779e-21	5.962695e-02	-5.962695e-02
74            	1.228735e-01	1.936525e-02	1.035083e-01	8.414303e-02	4.846069e-02	3.568234e-02	6.389175e-03	-4.207151e-02	6.143677e-02	5.873957e-21	6.143677e-02	-6.143677e-02
75            	1.265558e-01	2.095083e-02	1.056050e-01	8.465413e-02	4.903985e-02	3.561429e-02	6.712779e-03	-4.232707e-02	6.327789e-02	5.442388e-21	6.327789e-02	-6.327789e-02
76            	1.303783e-01	2.256972e-02	1.078085e-01	8.523881e-02	4.973206e-02	3.550675e-02	7.112655e-03	-4.261940e-02	6.518913e-02	5.020818e-21	6.518913e-02	-6.518913e-02
77            	1.343468e-01	2.418668e-02	1.101602e-01	8.597348e-02	5.061157e-02	3.536191e-02	7.624827e-03	-4.298674e-02	6.717341e-02	4.628120e-21	6.717341e-02	-6.717341e-02
78            	1.374223e-01	2.517443e-02	1.122479e-01	8.707346e-02	5.171079e-02	3.536266e-02	8.174066e-03	-4.353673e-02	6.871115e-02	4.646768e-21	6.871115e-02	-6.871115e-02
79            	1.374283e-01	2.069248e-02	1.167358e-01	9.604333e-02	5.762060e-02	3.842273e-02	9.598934e-03	-4.802166e-02	6.871414e-02	4.858860e-21	6.871414e-02	-6.871414e-02
80            	1.406009e-01	2.188272e-02	1.187182e-01	9.683547e-02	5.781430e-02	3.902117e-02	9.396569e-03	-4.841773e-02	7.030045e-02	5.349568e-21	7.030045e-02	-7.030045e-02
81            	1.415855e-01	2.063599e-02	1.209495e-01	1.003136e-01	5.967485e-02	4.063870e-02	9.518079e-03	-5.015678e-02	7.079277e-02	5.415131e-21	7.079277e-02	-7.079277e-02
82            	1.433633e-01	2.377093e-02	1.195923e-01	9.582140e-02	5.629896e-02	3.952243e-02	8.388266e-03	-4.791070e-02	7.168163e-02	5.332496e-21	7.168163e-02	-7.168163e-02
83            	1.448174e-01	2.720648e-02	1.176109e-01	9.040440e-02	5.263411e-02	3.777029e-02	7.431911e-03	-4.520220e-02	7.240868e-02	4.942012e-21	7.240868e-02	-7.240868e-02
84            	1.463134e-01	3.164363e-02	1.146698e-01	8.302616e-02	4.778543e-02	3.524073e-02	6.272354e-03	-4.151308e-02	7.315671e-02	4.430561e-21	7.315671e-02	-7.315671e-02
85            	1.477712e-01	3.434859e-02	1.134226e-01	7.907403e-02	4.539952e-02	3.367452e-02	5.862500e-03	-3.953702e-02	7.388561e-02	3.875324e-21	7.388561e-02	-7.388561e-02
86            	1.491368e-01	3.567799e-02	1.134588e-01	7.778081e-02	4.474114e-02	3.303967e-02	5.850737e-03	-3.889041e-02	7.456840e-02	3.338177e-21	7.456840e-02	-7.456840e-02
87            	1.508844e-01	3.562435e-02	1.152600e-01	7.963567e-02	4.615359e-02	3.348208e-02	6.335757e-03	-3.981784e-02	7.544219e-02	2.870523e-21	7.544219e-02	-7.544219e-02
88            	1.530288e-01	3.530956e-02	1.177192e-01	8.240968e-02	4.814739e-02	3.426229e-02	6.942551e-03	-4.120484e-02	7.651440e-02	2.445442e-21	7.651440e-02	-7.651440e-02
89            	1.556573e-01	3.549900e-02	1.201583e-01	8.465935e-02	4.981967e-02	3.483967e-02	7.489999e-03	-4.232967e-02	7.782867e-02	2.051431e-21	7.782867e-02	-7.782867e-02
90            	1.586959e-01	3.651458e-02	1.221813e-01	8.566669e-02	5.079230e-02	3.487439e-02	7.958956e-03	-4.283334e-02	7.934793e-02	1.674614e-21	7.934793e-02	-7.934793e-02
91            	1.618705e-01	3.807028e-02	1.238003e-01	8.572997e-02	5.127512e-02	3.445484e-02	8.410139e-03	-4.286498e-02	8.093527e-02	1.406264e-21	8.093527e-02	-8.093527e-02
92            	1.640227e-01	3.887333e-02	1.251494e-01	8.627606e-02	5.215310e-02	3.412296e-02	9.015068e-03	-4.313803e-02	8.201136e-02	1.591408e-21	8.201136e-02	-8.201136e-02
93            	1.629105e-01	3.342494e-02	1.294855e-01	9.606058e-02	5.875168e-02	3.730890e-02	1.072139e-02	-4.803029e-02	8.145523e-02	1.869925e-21	8.145523e-02	-8.145523e-02
94            	1.651890e-01	3.465162e-02	1.305373e-01	9.588571e-02	5.838736e-02	3.749835e-02	1.044451e-02	-4.794285e-02	8.259448e-02	2.293698e-21	8.259448e-02	-8.259448e-02
95            	1.653498e-01	3.366688e-02	1.316829e-01	9.801606e-02	5.929209e-02	3.872397e-02	1.028406e-02	-4.900803e-02	8.267491e-02	2.462743e-21	8.267491e-02	-8.267491e-02
96            	1.663751e-01	3.736547e-02	1.290097e-01	9.164420e-02	5.456072e-02	3.708348e-02	8.738617e-03	-4.582210e-02	8.318757e-02	2.468119e-21	8.318757e-02	-8.318757e-02
97            	1.670774e-01	4.087401e-02	1.262034e-01	8.532938e-02	5.021796e-02	3.511142e-02	7.553267e-03	-4.266469e-02	8.353870e-02	2.170936e-21	8.353870e-02	-8.353870e-02
98            	1.677821e-01	4.502019e-02	1.227619e-01	7.774168e-02	4.519974e-02	3.254194e-02	6.328898e-03	-3.887084e-02	8.389103e-02	1.753000e-21	8.389103e-02	-8.389103e-02
99            	1.683719e-01	4.698332e-02	1.213886e-01	7.440528e-02	4.320592e-02	3.119936e-02	6.003276e-03	-3.720264e-02	8.418596e-02	1.325280e-21	8.418596e-02	-8.418596e-02
100           	1.689112e-01	4.750633e-02	1.214048e-01	7.389851e-02	4.306046e-02	3.083805e-02	6.111202e-03	-3.694926e-02	8.445559e-02	9.140575e-22	8.445559e-02	-8.445559e-02
101           	1.698634e-01	4.694547e-02	1.229180e-01	7.597250e-02	4.460686e-02	3.136564e-02	6.620613e-03	-3.798625e-02	8.493172e-02	5.670128e-22	8.493172e-02	-8.493172e-02
102           	1.712699e-01	4.639495e-02	1.248750e-01	7.848001e-02	4.639563e-02	3.208439e-02	7.155619e-03	-3.924001e-02	8.563495e-02	2.440612e-22	8.563495e-02	-8.563495e-02
103           	1.731677e-01	4.656552e-02	1.266021e-01	8.003662e-02	4.755786e-02	3.247876e-02	7.539553e-03	-4.001831e-02	8.658383e-02	-6.827065e-23	8.658383e-02	-8.658383e-02
104           	1.754264e-01	4.762178e-02	1.278046e-01	8.018280e-02	4.786654e-02	3.231626e-02	7.775137e-03	-4.009140e-02	8.771318e-02	-3.744787e-22	8.771318e-02	-8.771318e-02
105           	1.778639e-01	4.924993e-02	1.286140e-01	7.936406e-02	4.764719e-02	3.171687e-02	7.965161e-03	-3.968203e-02	8.893196e-02	-6.544103e-22	8.893196e-02	-8.893196e-02
106           	1.803251e-01	5.093006e-02	1.293950e-01	7.846496e-02	4.747030e-02	3.099465e-02	8.237827e-03	-3.923248e-02	9.016254e-02	-8.857799e-22	9.016254e-02	-9.016254e-02
107           	1.826690e-01	5.220579e-02	1.304632e-01	7.825740e-02	4.778066e-02	3.047674e-02	8.651957e-03	-3.912870e-02	9.133448e-02	-9.906199e-22	9.133448e-02	-9.133448e-02
108           	1.847128e-01	5.227652e-02	1.324363e-01	8.015975e-02	4.950962e-02	3.065014e-02	9.429742e-03	-4.007988e-02	9.235639e-02	-9.695644e-22	9.235639e-02	-9.235639e-02
109           	1.863004e-01	5.036327e-02	1.359372e-01	8.557388e-02	5.363467e-02	3.193921e-02	1.084773e-02	-4.278694e-02	9.315021e-02	-8.038730e-22	9.315021e-02	-9.315021e-02
110           	1.870875e-01	4.451762e-02	1.425699e-01	9.805229e-02	6.257657e-02	3.547572e-02	1.355042e-02	-4.902615e-02	9.354377e-02	-5.204935e-22	9.354377e-02	-9.354377e-02
111           	1.901680e-01	4.235159e-02	1.478165e-01	1.054649e-01	6.792430e-02	3.754057e-02	1.519186e-02	-5.273243e-02	9.508402e-02	-6.670029e-22	9.508402e-02	-9.508402e-02
112           	1.965369e-01	4.734065e-02	1.491963e-01	1.018557e-01	6.588811e-02	3.596754e-02	1.496028e-02	-5.092783e-02	9.826847e-02	-1.236845e-21	9.826847e-02	-9.826847e-02
113           	2.041733e-01	5.698294e-02	1.471903e-01	9.020738e-02	5.855991e-02	3.164747e-02	1.345622e-02	-4.510369e-02	1.020866e-01	-1.996880e-21	1.020866e-01	-1.020866e-01
114           	2.044668e-01	5.588431e-02	1.485825e-01	9.269819e-02	6.002120e-02	3.267699e-02	1.367211e-02	-4.634910e-02	1.022334e-01	-1.877858e-21	1.022334e-01	-1.022334e-01
115           	2.024603e-01	5.567282e-02	1.467875e-01	9.111467e-02	5.823849e-02	3.287618e-02	1.268116e-02	-4.555734e-02	1.012302e-01	-4.836751e-22	1.012302e-01	-1.012302e-01
116           	1.976840e-01	5.246983e-02	1.452142e-01	9.274434e-02	5.846808e-02	3.427626e-02	1.209591e-02	-4.637217e-02	9.884200e-02	9.835609e-22	9.884200e-02	-9.884200e-02
117           	1.939455e-01	5.327318e-02	1.406723e-01	8.739913e-02	5.419684e-02	3.320229e-02	1.049727e-02	-4.369957e-02	9.697274e-02	1.881482e-21	9.697274e-02	-9.697274e-02
118           	1.917311e-01	5.521132e-02	1.365198e-01	8.130851e-02	4.978696e-02	3.152155e-02	9.132704e-03	-4.065425e-02	9.586557e-02	2.031477e-21	9.586557e-02	-9.586557e-02
119           	1.914065e-01	5.834488e-02	1.330616e-01	7.471671e-02	4.527632e-02	2.944040e-02	7.917960e-03	-3.735836e-02	9.570324e-02	1.484559e-21	9.570324e-02	-9.570324e-02
120           	1.925319e-01	6.047365e-02	1.320583e-01	7.158463e-02	4.329037e-02	2.829426e-02	7.498053e-03	-3.579231e-02	9.626596e-02	5.779701e-22	9.626596e-02	-9.626596e-02
121           	1.945308e-01	6.126425e-02	1.332666e-01	7.200235e-02	4.378364e-02	2.821872e-02	7.782460e-03	-3.600118e-02	9.726542e-02	-3.619774e-22	9.726542e-02	-9.726542e-02
122           	1.969299e-01	6.102844e-02	1.359014e-01	7.487299e-02	4.599056e-02	2.888243e-02	8.554064e-03	-3.743649e-02	9.846493e-02	-1.110008e-21	9.846493e-02	-9.846493e-02
123           	1.992661e-01	6.032950e-02	1.389366e-01	7.860712e-02	4.881853e-02	2.978860e-02	9.514967e-03	-3.930356e-02	9.963307e-02	-1.534531e-21	9.963307e-02	-9.963307e-02
124           	2.011082e-01	5.886115e-02	1.422470e-01	8.338587e-02	5.241143e-02	3.097445e-02	1.071849e-02	-4.169294e-02	1.005541e-01	-1.573136e-21	1.005541e-01	-1.005541e-01
125           	2.026866e-01	5.387745e-02	1.488092e-01	9.493175e-02	6.079693e-02	3.413482e-02	1.333105e-02	-4.746587e-02	1.013433e-01	-1.518812e-21	1.013433e-01	-1.013433e-01
126           	2.053244e-01	5.122217e-02	1.541022e-01	1.028800e-01	6.650366e-02	3.637636e-02	1.506365e-02	-5.144001e-02	1.026622e-01	-1.450781e-21	1.026622e-01	-1.026622e-01
127           	2.090300e-01	5.125225e-02	1.577778e-01	1.065255e-01	6.939633e-02	3.712922e-02	1.613355e-02	-5.326277e-02	1.045150e-01	-1.655231e-21	1.045150e-01	-1.045150e-01
128           	2.132396e-01	5.508895e-02	1.581506e-01	1.030617e-01	6.747705e-02	3.558465e-02	1.594620e-02	-5.153085e-02	1.066198e-01	-1.954237e-21	1.066198e-01	-1.066198e-01
129           	2.173492e-01	6.131263e-02	1.560366e-01	9.472393e-02	6.224581e-02	3.247812e-02	1.488384e-02	-4.736197e-02	1.086746e-01	-2.062303e-21	1.086746e-01	-1.086746e-01
130           	2.203100e-01	6.699443e-02	1.533155e-01	8.632111e-02	5.689554e-02	2.942557e-02	1.373499e-02	-4.316055e-02	1.101550e-01	-1.798709e-21	1.101550e-01	-1.101550e-01
131           	2.177072e-01	5.969104e-02	1.580161e-01	9.832510e-02	6.479110e-02	3.353400e-02	1.562855e-02	-4.916255e-02	1.088536e-01	-1.427328e-21	1.088536e-01	-1.088536e-01
132           	2.161872e-01	5.777994e-02	1.584072e-01	1.006273e-01	6.579439e-02	3.483292e-02	1.548074e-02	-5.031365e-02	1.080936e-01	-4.212835e-22	1.080936e-01	-1.080936e-01
133           	2.114918e-01	5.256159e-02	1.589302e-01	1.063686e-01	6.856316e-02	3.780548e-02	1.537884e-02	-5.318432e-02	1.057459e-01	8.480830e-22	1.057459e-01	-1.057459e-01
134           	2.082345e-01	5.376522e-02	1.544693e-01	1.007041e-01	6.383688e-02	3.686718e-02	1.348485e-02	-5.035203e-02	1.041172e-01	1.579574e-21	1.041172e-01	-1.041172e-01
135           	2.064579e-01	5.722887e-02	1.492290e-01	9.200012e-02	5.755927e-02	3.444084e-02	1.155921e-02	-4.600006e-02	1.032289e-01	1.631900e-21	1.032289e-01	-1.032289e-01
136           	2.064618e-01	6.284439e-02	1.436174e-01	8.077302e-02	4.999141e-02	3.078161e-02	9.604903e-03	-4.038651e-02	1.032309e-01	1.053861e-21	1.032309e-01	-1.032309e-01
137           	2.073567e-01	6.706522e-02	1.402915e-01	7.322626e-02	4.515501e-02	2.807125e-02	8.541881e-03	-3.661313e-02	1.036783e-01	1.742222e-22	1.036783e-01	-1.036783e-01
138           	2.085523e-01	6.893443e-02	1.396178e-01	7.068338e-02	4.371683e-02	2.696656e-02	8.375136e-03	-3.534169e-02	1.042761e-01	-6.952752e-22	1.042761e-01	-1.042761e-01
139           	2.099966e-01	6.861281e-02	1.413838e-01	7.277099e-02	4.537533e-02	2.739565e-02	8.989839e-03	-3.638549e-02	1.049983e-01	-1.345173e-21	1.049983e-01	-1.049983e-01
140           	2.115367e-01	6.722883e-02	1.443079e-01	7.707905e-02	4.848262e-02	2.859644e-02	9.943090e-03	-3.853953e-02	1.057684e-01	-1.723333e-21	1.057684e-01	-1.057684e-01
141           	2.130249e-01	6.517862e-02	1.478463e-01	8.266764e-02	5.246563e-02	3.020201e-02	1.113181e-02	-4.133382e-02	1.065124e-01	-1.835187e-21	1.065124e-01	-1.065124e-01
142           	2.137116e-01	5.968617e-02	1.540254e-01	9.433923e-02	6.068674e-02	3.365249e-02	1.351713e-02	-4.716962e-02	1.068558e-01	-1.665108e-21	1.068558e-01	-1.068558e-01
143           	2.143797e-01	5.684531e-02	1.575344e-01	1.006891e-01	6.512998e-02	3.555916e-02	1.478541e-02	-5.034457e-02	1.071899e-01	-1.289308e-21	1.071899e-01	-1.071899e-01
144           	2.168948e-01	5.812567e-02	1.587691e-01	1.006435e-01	6.549587e-02	3.514761e-02	1.517413e-02	-5.032174e-02	1.084474e-01	-1.425353e-21	1.084474e-01	-1.084474e-01
145           	2.214530e-01	6.464151e-02	1.568115e-01	9.216997e-02	6.034660e-02	3.182338e-02	1.426161e-02	-4.608499e-02	1.107265e-01	-1.990033e-21	1.107265e-01	-1.107265e-01
146           	2.267682e-01	7.297567e-02	1.537925e-01	8.081684e-02	5.332033e-02	2.749650e-02	1.291191e-02	-4.040842e-02	1.133841e-01	-2.651908e-21	1.133841e-01	-1.133841e-01
147           	2.246606e-01	6.692468e-02	1.577360e-01	9.081128e-02	5.970810e-02	3.110319e-02	1.430246e-02	-4.540564e-02	1.123303e-01	-2.600003e-21	1.123303e-01	-1.123303e-01
148           	2.216975e-01	6.338116e-02	1.583164e-01	9.493523e-02	6.153665e-02	3.339858e-02	1.406904e-02	-4.746761e-02	1.108488e-01	-1.280729e-21	1.108488e-01	-1.108488e-01
149           	2.166447e-01	5.700554e-02	1.596392e-01	1.026337e-01	6.562653e-02	3.700712e-02	1.430970e-02	-5.131683e-02	1.083224e-01	-1.740138e-22	1.083224e-01	-1.083224e-01
150           	2.135504e-01	5.726045e-02	1.562899e-01	9.902949e-02	6.248495e-02	3.654455e-02	1.297020e-02	-4.951475e-02	1.067752e-01	2.767886e-22	1.067752e-01	-1.067752e-01
151           	2.122941e-01	5.999741e-02	1.522967e-01	9.229926e-02	5.780529e-02	3.449398e-02	1.165566e-02	-4.614963e-02	1.061470e-01	-8.242774e-23	1.061470e-01	-1.061470e-01
152           	2.128555e-01	6.495105e-02	1.479045e-01	8.295341e-02	5.173963e-02	3.121378e-02	1.026292e-02	-4.147671e-02	1.064278e-01	-1.050564e-21	1.064278e-01	-1.064278e-01
153           	2.142631e-01	6.852299e-02	1.457401e-01	7.721710e-02	4.824737e-02	2.896973e-02	9.638820e-03	-3.860855e-02	1.071315e-01	-2.156375e-21	1.071315e-01	-1.071315e-01
154           	2.158452e-01	6.985605e-02	1.459891e-01	7.613308e-02	4.781308e-02	2.832000e-02	9.746542e-03	-3.806654e-02	1.079226e-01	-3.067388e-21	1.079226e-01	-1.079226e-01
155           	2.174247e-01	6.920311e-02	1.482216e-01	7.901847e-02	4.995324e-02	2.906523e-02	1.044400e-02	-3.950924e-02	1.087123e-01	-3.636204e-21	1.087123e-01	-1.087123e-01
156           	2.189058e-01	6.783399e-02	1.510719e-01	8.323787e-02	5.292077e-02	3.031710e-02	1.130184e-02	-4.161893e-02	1.094529e-01	-3.884254e-21	1.094529e-01	-1.094529e-01
157           	2.204124e-01	6.635035e-02	1.540621e-01	8.771170e-02	5.610496e-02	3.160674e-02	1.224911e-02	-4.385585e-02	1.102062e-01	-3.912194e-21	1.102062e-01	-1.102062e-01
158           	2.218376e-01	6.427565e-02	1.575619e-01	9.328627e-02	6.014142e-02	3.314485e-02	1.349828e-02	-4.664313e-02	1.109188e-01	-3.779329e-21	1.109188e-01	-1.109188e-01
159           	2.226444e-01	5.915323e-02	1.634912e-01	1.043379e-01	6.799406e-02	3.634386e-02	1.582510e-02	-5.216896e-02	1.113222e-01	-3.527972e-21	1.113222e-01	-1.113222e-01
160           	2.242087e-01	5.548335e-02	1.687253e-01	1.132420e-01	7.436409e-02	3.887788e-02	1.774311e-02	-5.662098e-02	1.121043e-01	-3.525636e-21	1.121043e-01	-1.121043e-01
161           	2.282500e-01	5.828323e-02	1.699668e-01	1.116836e-01	7.385666e-02	3.782694e-02	1.801486e-02	-5.584180e-02	1.141250e-01	-3.847410e-21	1.141250e-01	-1.141250e-01
162           	2.336333e-01	6.618438e-02	1.674489e-01	1.012645e-01	6.748041e-02	3.378409e-02	1.684816e-02	-5.063225e-02	1.168166e-01	-4.318121e-21	1.168166e-01	-1.168166e-01
163           	2.385238e-01	7.434502e-02	1.641788e-01	8.983375e-02	6.041587e-02	2.941788e-02	1.549900e-02	-4.491687e-02	1.192619e-01	-4.566126e-21	1.192619e-01	-1.192619e-01
164           	2.340966e-01	6.548039e-02	1.686162e-01	1.031358e-01	6.865361e-02	3.448221e-02	1.708570e-02	-5.156791e-02	1.170483e-01	-3.823520e-21	1.170483e-01	-1.170483e-01
165           	2.295073e-01	6.050370e-02	1.690036e-01	1.084999e-01	7.116387e-02	3.733608e-02	1.691389e-02	-5.424997e-02	1.147537e-01	-2.166374e-21	1.147537e-01	-1.147537e-01
166           	2.234273e-01	5.460320e-02	1.688241e-01	1.142209e-01	7.379315e-02	4.042777e-02	1.668269e-02	-5.711046e-02	1.117137e-01	-7.156187e-22	1.117137e-01	-1.117137e-01
167           	2.196964e-01	5.625566e-02	1.634407e-01	1.071850e-01	6.826430e-02	3.892074e-02	1.467178e-02	-5.359252e-02	1.098482e-01	-1.027745e-22	1.098482e-01	-1.098482e-01
168           	2.181952e-01	6.078342e-02	1.574117e-01	9.662831e-02	6.095255e-02	3.567576e-02	1.263840e-02	-4.831415e-02	1.090976e-01	-4.624731e-22	1.090976e-01	-1.090976e-01
169           	2.187028e-01	6.686897e-02	1.518339e-01	8.496491e-02	5.326977e-02	3.169514e-02	1.078731e-02	-4.248245e-02	1.093514e-01	-1.501478e-21	1.093514e-01	-1.093514e-01
170           	2.200409e-01	7.076459e-02	1.492763e-01	7.851167e-02	4.920835e-02	2.930333e-02	9.952510e-03	-3.925584e-02	1.100204e-01	-2.694273e-21	1.100204e-01	-1.100204e-01
171           	2.215368e-01	7.184295e-02	1.496938e-01	7.785087e-02	4.896985e-02	2.888102e-02	1.004441e-02	-3.892544e-02	1.107684e-01	-3.669294e-21	1.107684e-01	-1.107684e-01
172           	2.230059e-01	7.076105e-02	1.522448e-01	8.148376e-02	5.154523e-02	2.993853e-02	1.080335e-02	-4.074188e-02	1.115029e-01	-4.273178e-21	1.115029e-01	-1.115029e-01
173           	2.243332e-01	6.921464e-02	1.551186e-01	8.590396e-02	5.460673e-02	3.129723e-02	1.165475e-02	-4.295198e-02	1.121666e-01	-4.562329e-21	1.121666e-01	-1.121666e-01
174           	2.257145e-01	6.814411e-02	1.575704e-01	8.942632e-02	5.712215e-02	3.230417e-02	1.240899e-02	-4.471316e-02	1.128573e-01	-4.646516e-21	1.128573e-01	-1.128573e-01
175           	2.272010e-01	6.746095e-02	1.597401e-01	9.227912e-02	5.929435e-02	3.298477e-02	1.315479e-02	-4.613956e-02	1.136005e-01	-4.601909e-21	1.136005e-01	-1.136005e-01
176           	2.286754e-01	6.594984e-02	1.627255e-01	9.677568e-02	6.268095e-02	3.409474e-02	1.429310e-02	-4.838784e-02	1.143377e-01	-4.500422e-21	1.143377e-01	-1.143377e-01
177           	2.302235e-01	6.312443e-02	1.670991e-01	1.039746e-01	6.795489e-02	3.601975e-02	1.596757e-02	-5.198732e-02	1.151117e-01	-4.431065e-21	1.151117e-01	-1.151117e-01
178           	2.324823e-01	6.159322e-02	1.708891e-01	1.092959e-01	7.194188e-02	3.735403e-02	1.729392e-02	-5.464795e-02	1.162412e-01	-4.521939e-21	1.162412e-01	-1.162412e-01
179           	2.359130e-01	6.370434e-02	1.722086e-01	1.085043e-01	7.185319e-02	3.665111e-02	1.760104e-02	-5.425215e-02	1.179565e-01	-4.748905e-21	1.179565e-01	-1.179565e-01
180           	2.399000e-01	6.885215e-02	1.710479e-01	1.021957e-01	6.808374e-02	3.411196e-02	1.698589e-02	-5.109785e-02	1.199500e-01	-4.980595e-21	1.199500e-01	-1.199500e-01
181           	2.432623e-01	7.372419e-02	1.695381e-01	9.581392e-02	6.424775e-02	3.156617e-02	1.634079e-02	-4.790696e-02	1.216312e-01	-4.953806e-21	1.216312e-01	-1.216312e-01
182           	2.384367e-01	6.366932e-02	1.747674e-01	1.110981e-01	7.381217e-02	3.728589e-02	1.826314e-02	-5.554903e-02	1.192183e-01	-4.205134e-21	1.192183e-01	-1.192183e-01
183           	2.343158e-01	5.919495e-02	1.751208e-01	1.159259e-01	7.610524e-02	3.982063e-02	1.814230e-02	-5.796293e-02	1.171579e-01	-2.752280e-21	1.171579e-01	-1.171579e-01
184           	2.289529e-01	5.461184e-02	1.743411e-01	1.197293e-01	7.758974e-02	4.213952e-02	1.772511e-02	-5.986463e-02	1.144765e-01	-1.555363e-21	1.144765e-01	-1.144765e-01
185           	2.257087e-01	5.744776e-02	1.682609e-01	1.108132e-01	7.088113e-02	3.993205e-02	1.547454e-02	-5.540659e-02	1.128543e-01	-1.101234e-21	1.128543e-01	-1.128543e-01
186           	2.243207e-01	6.261260e-02	1.617081e-01	9.909554e-02	6.279278e-02	3.630275e-02	1.324501e-02	-4.954777e-02	1.121604e-01	-1.499228e-21	1.121604e-01	-1.121604e-01
187           	2.245848e-01	6.860372e-02	1.559811e-01	8.737739e-02	5.502665e-02	3.235074e-02	1.133796e-02	-4.368869e-02	1.122924e-01	-2.471939e-21	1.122924e-01	-1.122924e-01
188           	2.254446e-01	7.190013e-02	1.535444e-01	8.164431e-02	5.137289e-02	3.027142e-02	1.055073e-02	-4.082215e-02	1.127223e-01	-3.533613e-21	1.127223e-01	-1.127223e-01
189           	2.264177e-01	7.228157e-02	1.541361e-01	8.185458e-02	5.165069e-02	3.020389e-02	1.072340e-02	-4.092729e-02	1.132089e-01	-4.376650e-21	1.132089e-01	-1.132089e-01
190           	2.274749e-01	7.074045e-02	1.567345e-01	8.599400e-02	5.452925e-02	3.146474e-02	1.153225e-02	-4.299700e-02	1.137375e-01	-4.896750e-21	1.137375e-01	-1.137375e-01
191           	2.285998e-01	6.907483e-02	1.595250e-01	9.045018e-02	5.763051e-02	3.281967e-02	1.240542e-02	-4.522509e-02	1.142999e-01	-5.181934e-21	1.142999e-01	-1.142999e-01
192           	2.299298e-01	6.832138e-02	1.616084e-01	9.328700e-02	5.972060e-02	3.356640e-02	1.307710e-02	-4.664350e-02	1.149649e-01	-5.304900e-21	1.149649e-01	-1.149649e-01
193           	2.314978e-01	6.836067e-02	1.631371e-01	9.477645e-02	6.101829e-02	3.375815e-02	1.363007e-02	-4.738822e-02	1.157489e-01	-5.339078e-21	1.157489e-01	-1.157489e-01
194           	2.331423e-01	6.806714e-02	1.650752e-01	9.700804e-02	6.289820e-02	3.410985e-02	1.439418e-02	-4.850402e-02	1.165712e-01	-5.315306e-21	1.165712e-01	-1.165712e-01
195           	2.347535e-01	6.633061e-02	1.684229e-01	1.020923e-01	6.673806e-02	3.535420e-02	1.569193e-02	-5.104613e-02	1.173767e-01	-5.277850e-21	1.173767e-01	-1.173767e-01
196           	2.366018e-01	6.423062e-02	1.723712e-01	1.081406e-01	7.119774e-02	3.694285e-02	1.712745e-02	-5.407030e-02	1.183009e-01	-5.305053e-21	1.183009e-01	-1.183009e-01
197           	2.391269e-01	6.414361e-02	1.749832e-01	1.108396e-01	7.338856e-02	3.745108e-02	1.796874e-02	-5.541982e-02	1.195634e-01	-5.414758e-21	1.195634e-01	-1.195634e-01
198           	2.422634e-01	6.696501e-02	1.752984e-01	1.083334e-01	7.210330e-02	3.623006e-02	1.793662e-02	-5.416668e-02	1.211317e-01	-5.545331e-21	1.211317e-01	-1.211317e-01
199           	2.453697e-01	7.110916e-02	1.742605e-01	1.031514e-01	6.904339e-02	3.410799e-02	1.746770e-02	-5.157569e-02	1.226849e-01	-5.595937e-21	1.226849e-01	-1.226849e-01
200           	2.418061e-01	6.342358e-02	1.783826e-01	1.149590e-01	7.645867e-02	3.850031e-02	1.897918e-02	-5.747949e-02	1.209031e-01	-4.983394e-21	1.209031e-01	-1.209031e-01
201           	2.384008e-01	6.105901e-02	1.773418e-01	1.162828e-01	7.640316e-02	3.987961e-02	1.826177e-02	-5.814138e-02	1.192004e-01	-3.396142e-21	1.192004e-01	-1.192004e-01
202           	2.332594e-01	5.674634e-02	1.765131e-01	1.197667e-01	7.767248e-02	4.209425e-02	1.778912e-02	-5.988336e-02	1.166297e-01	-2.141909e-21	1.166297e-01	-1.166297e-01
203           	2.299772e-01	5.897869e-02	1.709985e-01	1.120198e-01	7.176381e-02	4.025604e-02	1.575388e-02	-5.600992e-02	1.149886e-01	-1.645569e-21	1.149886e-01	-1.149886e-01
204           	2.284279e-01	6.309980e-02	1.653281e-01	1.022283e-01	6.503624e-02	3.719206e-02	1.392209e-02	-5.111415e-02	1.142140e-01	-2.077245e-21	1.142140e-01	-1.142140e-01
205           	2.285419e-01	6.838821e-02	1.601537e-01	9.176553e-02	5.821936e-02	3.354617e-02	1.233660e-02	-4.588277e-02	1.142710e-01	-3.131304e-21	1.142710e-01	-1.142710e-01
206           	2.292069e-01	7.139782e-02	1.578091e-01	8.641130e-02	5.490190e-02	3.150940e-02	1.169625e-02	-4.320565e-02	1.146035e-01	-4.258730e-21	1.146035e-01	-1.146035e-01
207           	2.299264e-01	7.182824e-02	1.580982e-01	8.626992e-02	5.496460e-02	3.130532e-02	1.182964e-02	-4.313496e-02	1.149632e-01	-5.124701e-21	1.149632e-01	-1.149632e-01
208           	2.306940e-01	7.046413e-02	1.602299e-01	8.976572e-02	5.736587e-02	3.239985e-02	1.248301e-02	-4.488286e-02	1.153470e-01	-5.620066e-21	1.153470e-01	-1.153470e-01
209           	2.315830e-01	6.891931e-02	1.626637e-01	9.374442e-02	6.007752e-02	3.366690e-02	1.320531e-02	-4.687221e-02	1.157915e-01	-5.870109e-21	1.157915e-01	-1.157915e-01
210           	2.327213e-01	6.829727e-02	1.644241e-01	9.612680e-02	6.178254e-02	3.434425e-02	1.371914e-02	-4.806340e-02	1.163607e-01	-5.952494e-21	1.163607e-01	-1.163607e-01
211           	2.341927e-01	6.863713e-02	1.655555e-01	9.691841e-02	6.255602e-02	3.436239e-02	1.409681e-02	-4.845921e-02	1.170963e-01	-5.980718e-21	1.170963e-01	-1.170963e-01
212           	2.358441e-01	6.905568e-02	1.667885e-01	9.773278e-02	6.345706e-02	3.427572e-02	1.459067e-02	-4.886639e-02	1.179221e-01	-5.982622e-21	1.179221e-01	-1.179221e-01
213           	2.374668e-01	6.836645e-02	1.691003e-01	1.007339e-01	6.587826e-02	3.485561e-02	1.551133e-02	-5.036693e-02	1.187334e-01	-5.972143e-21	1.187334e-01	-1.187334e-01
214           	2.390882e-01	6.648079e-02	1.726074e-01	1.061266e-01	6.990122e-02	3.622535e-02	1.683793e-02	-5.306328e-02	1.195441e-01	-5.977606e-21	1.195441e-01	-1.195441e-01
215           	2.409632e-01	6.498447e-02	1.759787e-01	1.109943e-01	7.352416e-02	3.747010e-02	1.802703e-02	-5.549713e-02	1.204816e-01	-6.022829e-21	1.204816e-01	-1.204816e-01
216           	2.433339e-01	6.558187e-02	1.777520e-01	1.121701e-01	7.465540e-02	3.751475e-02	1.857033e-02	-5.608507e-02	1.216669e-01	-6.095622e-21	1.216669e-01	-1.216669e-01
217           	2.460043e-01	6.832697e-02	1.776773e-01	1.093503e-01	7.312380e-02	3.622652e-02	1.844864e-02	-5.467516e-02	1.230021e-01	-6.148780e-21	1.230021e-01	-1.230021e-01
218           	2.483815e-01	7.129089e-02	1.770906e-01	1.057997e-01	7.111238e-02	3.468732e-02	1.821253e-02	-5.289985e-02	1.241907e-01	-6.096147e-21	1.241907e-01	-1.241907e-01
219           	2.496571e-01	7.082828e-02	1.788288e-01	1.080005e-01	7.294326e-02	3.505724e-02	1.894301e-02	-5.400025e-02	1.248285e-01	-5.797345e-21	1.248285e-01	-1.248285e-01
220           	2.494265e-01	6.745655e-02	1.819700e-01	1.145134e-01	7.737618e-02	3.713725e-02	2.011946e-02	-5.725671e-02	1.247133e-01	-5.316085e-21	1.247133e-01	-1.247133e-01
221           	2.494104e-01	6.399175e-02	1.854186e-01	1.214269e-01	8.213901e-02	3.928785e-02	2.142558e-02	-6.071343e-02	1.247052e-01	-4.991566e-21	1.247052e-01	-1.247052e-01
222           	2.500326e-01	6.317066e-02	1.868619e-01	1.236913e-01	8.382580e-02	3.986546e-02	2.198017e-02	-6.184563e-02	1.250163e-01	-4.847281e-21	1.250163e-01	-1.250163e-01
223           	2.514990e-01	6.564294e-02	1.858561e-01	1.202132e-01	8.173926e-02	3.847391e-02	2.163267e-02	-6.010659e-02	1.257495e-01	-4.791351e-21	1.257495e-01	-1.257495e-01
224           	2.533877e-01	7.045158e-02	1.829362e-01	1.124846e-01	7.684409e-02	3.564048e-02	2.060181e-02	-5.624228e-02	1.266939e-01	-4.732462e-21	1.266939e-01	-1.266939e-01
225           	2.550883e-01	7.521318e-02	1.798751e-01	1.046619e-01	7.187626e-02	3.278565e-02	1.954530e-02	-5.233095e-02	1.275441e-01	-4.622944e-21	1.275441e-01	-1.275441e-01
226           	2.568135e-01	7.952016e-02	1.772934e-01	9.777321e-02	6.760280e-02	3.017041e-02	1.871619e-02	-4.888660e-02	1.284068e-01	-4.108423e-21	1.284068e-01	-1.284068e-01
227           	2.513272e-01	6.373996e-02	1.875872e-01	1.238473e-01	8.483463e-02	3.901265e-02	2.291099e-02	-6.192364e-02	1.256636e-01	-3.996357e-21	1.256636e-01	-1.256636e-01
228           	2.497173e-01	5.437412e-02	1.953432e-01	1.409691e-01	9.663750e-02	4.433155e-02	2.615297e-02	-7.048453e-02	1.248586e-01	-4.826905e-21	1.248586e-01	-1.248586e-01
229           	2.483884e-01	5.253655e-02	1.958518e-01	1.433153e-01	9.804621e-02	4.526904e-02	2.638858e-02	-7.165763e-02	1.241942e-01	-5.228793e-21	1.241942e-01	-1.241942e-01
230           	2.477195e-01	5.868260e-02	1.890369e-01	1.303543e-01	8.889999e-02	4.145430e-02	2.372284e-02	-6.517714e-02	1.238597e-01	-5.304784e-21	1.238597e-01	-1.238597e-01
231           	2.465535e-01	6.739163e-02	1.791619e-01	1.117703e-01	7.570202e-02	3.606824e-02	1.981689e-02	-5.588513e-02	1.232768e-01	-4.914835e-21	1.232768e-01	-1.232768e-01
232           	2.452560e-01	7.502541e-02	1.702306e-01	9.520519e-02	6.389722e-02	3.130797e-02	1.629463e-02	-4.760260e-02	1.226280e-01	-4.323043e-21	1.226280e-01	-1.226280e-01
233           	2.441061e-01	7.894814e-02	1.651579e-01	8.620978e-02	5.740636e-02	2.880342e-02	1.430147e-02	-4.310489e-02	1.220530e-01	-3.780677e-21	1.220530e-01	-1.220530e-01
234           	2.436440e-01	7.912541e-02	1.645186e-01	8.539321e-02	5.676896e-02	2.862425e-02	1.407236e-02	-4.269660e-02	1.218220e-01	-3.518773e-21	1.218220e-01	-1.218220e-01
235           	2.440792e-01	7.638083e-02	1.676984e-01	9.131756e-02	6.099659e-02	3.032097e-02	1.533781e-02	-4.565878e-02	1.220396e-01	-3.516281e-21	1.220396e-01	-1.220396e-01
236           	2.401945e-01	6.054860e-02	1.796459e-01	1.190973e-01	7.929756e-02	3.979976e-02	1.974890e-02	-5.954866e-02	1.200973e-01	-3.532800e-21	1.200973e-01	-1.200973e-01
237           	2.392843e-01	5.516650e-02	1.841178e-01	1.289513e-01	8.557725e-02	4.337405e-02	2.110160e-02	-6.447565e-02	1.196422e-01	-3.300521e-21	1.196422e-01	-1.196422e-01
238           	2.366933e-01	5.029629e-02	1.863970e-01	1.361008e-01	8.979080e-02	4.630996e-02	2.174042e-02	-6.805038e-02	1.183467e-01	-3.105351e-21	1.183467e-01	-1.183467e-01
239           	2.358571e-01	5.488856e-02	1.809686e-01	1.260800e-01	8.275617e-02	4.332383e-02	1.971617e-02	-6.304000e-02	1.179286e-01	-3.246069e-21	1.179286e-01	-1.179286e-01
240           	2.356818e-01	6.130861e-02	1.743732e-01	1.130646e-01	7.408135e-02	3.898321e-02	1.754907e-02	-5.653228e-02	1.178409e-01	-3.870118e-21	1.178409e-01	-1.178409e-01
241           	2.362811e-01	6.874075e-02	1.675404e-01	9.879960e-02	6.474520e-02	3.405441e-02	1.534539e-02	-4.939980e-02	1.181406e-01	-4.743643e-21	1.181406e-01	-1.181406e-01
242           	2.364807e-01	7.258413e-02	1.638965e-01	9.131240e-02	5.984974e-02	3.146266e-02	1.419354e-02	-4.565620e-02	1.182403e-01	-5.502211e-21	1.182403e-01	-1.182403e-01
243           	2.362723e-01	7.312503e-02	1.631473e-01	9.002225e-02	5.887763e-02	3.114462e-02	1.386650e-02	-4.501112e-02	1.181362e-01	-5.987473e-21	1.181362e-01	-1.181362e-01
244           	2.360291e-01	7.140102e-02	1.646281e-01	9.322705e-02	6.078632e-02	3.244073e-02	1.417279e-02	-4.661352e-02	1.180145e-01	-6.221020e-21	1.180145e-01	-1.180145e-01
245           	2.362686e-01	6.944100e-02	1.668276e-01	9.738662e-02	6.339309e-02	3.399354e-02	1.469977e-02	-4.869331e-02	1.181343e-01	-6.352239e-21	1.181343e-01	-1.181343e-01
246           	2.372214e-01	6.866233e-02	1.685591e-01	9.989674e-02	6.508779e-02	3.480895e-02	1.513942e-02	-4.994837e-02	1.186107e-01	-6.488315e-21	1.186107e-01	-1.186107e-01
247           	2.387684e-01	6.944153e-02	1.693269e-01	9.988535e-02	6.529691e-02	3.458844e-02	1.535424e-02	-4.994267e-02	1.193842e-01	-6.632909e-21	1.193842e-01	-1.193842e-01
248           	2.406702e-01	7.110869e-02	1.695615e-01	9.845278e-02	6.471433e-02	3.373845e-02	1.548794e-02	-4.922639e-02	1.203351e-01	-6.780154e-21	1.203351e-01	-1.203351e-01
249           	2.426057e-01	7.257411e-02	1.700316e-01	9.745746e-02	6.448012e-02	3.297734e-02	1.575139e-02	-4.872873e-02	1.213028e-01	-6.873701e-21	1.213028e-01	-1.213028e-01
250           	2.442778e-01	7.261523e-02	1.716625e-01	9.904731e-02	6.593867e-02	3.310864e-02	1.641501e-02	-4.952366e-02	1.221389e-01	-6.892136e-21	1.221389e-01	-1.221389e-01
251           	2.456462e-01	7.076715e-02	1.748790e-01	1.041119e-01	6.965215e-02	3.445974e-02	1.759621e-02	-5.205594e-02	1.228231e-01	-6.859510e-21	1.228231e-01	-1.228231e-01
252           	2.469995e-01	6.815887e-02	1.788406e-01	1.106817e-01	7.431478e-02	3.636696e-02	1.897391e-02	-5.534087e-02	1.234997e-01	-6.835127e-21	1.234997e-01	-1.234997e-01
253           	2.487349e-01	6.685928e-02	1.818756e-01	1.150164e-01	7.747180e-02	3.754456e-02	1.996362e-02	-5.750818e-02	1.243675e-01	-6.853399e-21	1.243675e-01	-1.243675e-01
254           	2.509959e-01	6.807041e-02	1.829255e-01	1.148551e-01	7.767436e-02	3.718076e-02	2.024680e-02	-5.742756e-02	1.254980e-01	-6.903752e-21	1.254980e-01	-1.254980e-01
255           	2.534461e-01	7.103853e-02	1.824076e-01	1.113690e-01	7.571795e-02	3.565107e-02	2.003344e-02	-5.568451e-02	1.267230e-01	-6.929615e-21	1.267230e-01	-1.267230e-01
256           	2.554458e-01	7.336648e-02	1.820794e-01	1.087129e-01	7.433583e-02	3.437707e-02	1.997938e-02	-5.435645e-02	1.277229e-01	-6.834534e-21	1.277229e-01	-1.277229e-01
257           	2.559735e-01	6.999223e-02	1.859813e-01	1.159891e-01	7.954705e-02	3.644203e-02	2.155251e-02	-5.799454e-02	1.279868e-01	-6.531239e-21	1.279868e-01	-1.279868e-01
258           	2.548113e-01	6.288252e-02	1.919288e-01	1.290463e-01	8.833990e-02	4.070640e-02	2.381675e-02	-6.452315e-02	1.274057e-01	-6.138216e-21	1.274057e-01	-1.274057e-01
259           	2.560052e-01	6.210046e-02	1.939048e-01	1.318043e-01	9.045911e-02	4.134519e-02	2.455696e-02	-6.590215e-02	1.280026e-01	-6.029093e-21	1.280026e-01	-1.280026e-01
260           	2.587308e-01	6.758139e-02	1.911494e-01	1.235680e-01	8.529595e-02	3.827205e-02	2.351195e-02	-6.178400e-02	1.293654e-01	-6.082000e-21	1.293654e-01	-1.293654e-01
261           	2.617347e-01	7.604035e-02	1.856944e-01	1.096540e-01	7.633055e-02	3.332349e-02	2.150353e-02	-5.482702e-02	1.308674e-01	-6.163849e-21	1.308674e-01	-1.308674e-01
262           	2.642206e-01	8.281068e-02	1.814099e-01	9.859927e-02	6.936198e-02	2.923730e-02	2.006234e-02	-4.929964e-02	1.321103e-01	-6.159476e-21	1.321103e-01	-1.321103e-01
263           	2.574060e-01	6.857935e-02	1.888267e-01	1.202473e-01	8.294713e-02	3.730020e-02	2.282346e-02	-6.012366e-02	1.287030e-01	-5.337665e-21	1.287030e-01	-1.287030e-01
264           	2.517760e-01	5.958080e-02	1.921952e-01	1.326144e-01	9.021579e-02	4.239864e-02	2.390857e-02	-6.630722e-02	1.258880e-01	-4.130610e-21	1.258880e-01	-1.258880e-01
265           	2.456902e-01	5.273040e-02	1.929598e-01	1.402294e-01	9.420282e-02	4.602655e-02	2.408814e-02	-7.011469e-02	1.228451e-01	-3.058638e-21	1.228451e-01	-1.228451e-01
266           	2.425224e-01	5.541449e-02	1.871079e-01	1.316934e-01	8.784014e-02	4.385328e-02	2.199343e-02	-6.584671e-02	1.212612e-01	-2.730946e-21	1.212612e-01	-1.212612e-01
267           	2.415971e-01	6.256304e-02	1.790340e-01	1.164710e-01	7.749920e-02	3.897180e-02	1.926370e-02	-5.823550e-02	1.207985e-01	-3.211421e-21	1.207985e-01	-1.207985e-01
268           	2.424112e-01	7.085009e-02	1.715611e-01	1.007110e-01	6.714794e-02	3.356310e-02	1.679242e-02	-5.035552e-02	1.212056e-01	-4.242372e-21	1.212056e-01	-1.212056e-01
269           	2.435992e-01	7.609310e-02	1.675061e-01	9.141299e-02	6.113449e-02	3.027850e-02	1.542799e-02	-4.570649e-02	1.217996e-01	-5.236049e-21	1.217996e-01	-1.217996e-01
270           	2.446332e-01	7.746836e-02	1.671648e-01	8.969644e-02	6.008612e-02	2.961032e-02	1.523790e-02	-4.484822e-02	1.223166e-01	-5.957700e-21	1.223166e-01	-1.223166e-01
271           	2.455931e-01	7.605811e-02	1.695350e-01	9.347687e-02	6.265256e-02	3.082430e-02	1.591413e-02	-4.673843e-02	1.227965e-01	-6.342881e-21	1.227965e-01	-1.227965e-01
272           	2.466582e-01	7.360411e-02	1.730541e-01	9.944997e-02	6.672366e-02	3.272632e-02	1.699867e-02	-4.972499e-02	1.233291e-01	-6.489682e-21	1.233291e-01	-1.233291e-01
273           	2.478271e-01	7.100583e-02	1.768212e-01	1.058154e-01	7.115977e-02	3.465563e-02	1.825207e-02	-5.290770e-02	1.239135e-01	-6.491430e-21	1.239135e-01	-1.239135e-01
274           	2.488822e-01	6.699029e-02	1.818919e-01	1.149016e-01	7.756177e-02	3.733982e-02	2.011097e-02	-5.745079e-02	1.244411e-01	-6.392959e-21	1.244411e-01	-1.244411e-01
275           	2.501043e-01	6.227618e-02	1.878281e-01	1.255519e-01	8.510152e-02	4.045041e-02	2.232556e-02	-6.277597e-02	1.250521e-01	-6.348115e-21	1.250521e-01	-1.250521e-01
276           	2.527460e-01	6.149962e-02	1.912463e-01	1.297467e-01	8.843372e-02	4.131301e-02	2.356036e-02	-6.487336e-02	1.263730e-01	-6.553294e-21	1.263730e-01	-1.263730e-01
277           	2.568155e-01	6.617036e-02	1.906452e-01	1.244748e-01	8.554428e-02	3.893055e-02	2.330687e-02	-6.223741e-02	1.284078e-01	-6.925104e-21	1.284078e-01	-1.284078e-01
278           	2.611305e-01	7.394143e-02	1.871890e-01	1.132476e-01	7.866410e-02	3.458350e-02	2.204030e-02	-5.662380e-02	1.305652e-01	-7.271131e-21	1.305652e-01	-1.305652e-01
279           	2.644364e-01	8.036586e-02	1.840706e-01	1.037047e-01	7.279933e-02	3.090537e-02	2.094698e-02	-5.185235e-02	1.322182e-01	-7.317142e-21	1.322182e-01	-1.322182e-01
280           	2.581952e-01	6.875046e-02	1.894447e-01	1.206943e-01	8.317913e-02	3.751514e-02	2.283199e-02	-6.034713e-02	1.290976e-01	-6.247496e-21	1.290976e-01	-1.290976e-01
281           	2.519749e-01	6.156492e-02	1.904100e-01	1.288451e-01	8.726392e-02	4.158117e-02	2.284138e-02	-6.442254e-02	1.259875e-01	-4.426177e-21	1.259875e-01	-1.259875e-01
282           	2.451077e-01	5.474743e-02	1.903602e-01	1.356128e-01	9.045848e-02	4.515431e-02	2.265208e-02	-6.780640e-02	1.225538e-01	-3.010458e-21	1.225538e-01	-1.225538e-01
283           	2.413216e-01	5.671024e-02	1.846114e-01	1.279012e-01	8.457058e-02	4.333058e-02	2.062000e-02	-6.395058e-02	1.206608e-01	-2.640702e-21	1.206608e-01	-1.206608e-01
284           	2.402239e-01	6.254805e-02	1.776759e-01	1.151278e-01	7.599580e-02	3.913202e-02	1.843189e-02	-5.756391e-02	1.201120e-01	-3.390450e-21	1.201120e-01	-1.201120e-01
285           	2.411528e-01	6.976196e-02	1.713909e-01	1.016289e-01	6.733054e-02	3.429838e-02	1.651608e-02	-5.081446e-02	1.205764e-01	-4.775668e-21	1.205764e-01	-1.205764e-01
286           	2.424833e-01	7.417884e-02	1.683044e-01	9.412559e-02	6.263666e-02	3.148893e-02	1.557387e-02	-4.706279e-02	1.212416e-01	-6.041497e-21	1.212416e-01	-1.212416e-01
287           	2.435679e-01	7.518590e-02	1.683820e-01	9.319614e-02	6.214233e-02	3.105381e-02	1.554426e-02	-4.659807e-02	1.217840e-01	-6.915345e-21	1.217840e-01	-1.217840e-01
288           	2.444214e-01	7.384133e-02	1.705801e-01	9.673877e-02	6.450039e-02	3.223838e-02	1.613101e-02	-4.836939e-02	1.222107e-01	-7.337858e-21	1.222107e-01	-1.222107e-01
289           	2.452445e-01	7.201975e-02	1.732248e-01	1.012050e-01	6.746647e-02	3.373856e-02	1.686396e-02	-5.060252e-02	1.226223e-01	-7.448327e-21	1.226223e-01	-1.226223e-01
290           	2.462415e-01	7.106189e-02	1.751796e-01	1.041177e-01	6.949600e-02	3.462174e-02	1.743713e-02	-5.205887e-02	1.231208e-01	-7.430069e-21	1.231208e-01	-1.231208e-01
291           	2.475414e-01	7.097387e-02	1.765675e-01	1.055936e-01	7.072153e-02	3.487209e-02	1.792472e-02	-5.279681e-02	1.237707e-01	-7.376809e-21	1.237707e-01	-1.237707e-01
292           	2.490137e-01	7.064775e-02	1.783659e-01	1.077181e-01	7.250317e-02	3.521498e-02	1.864410e-02	-5.385907e-02	1.245068e-01	-7.330094e-21	1.245068e-01	-1.245068e-01
293           	2.505393e-01	6.907170e-02	1.814676e-01	1.123959e-01	7.604947e-02	3.634644e-02	1.985152e-02	-5.619796e-02	1.252697e-01	-7.312569e-21	1.252697e-01	-1.252697e-01
294           	2.522465e-01	6.720118e-02	1.850453e-01	1.178441e-01	8.008277e-02	3.776136e-02	2.116071e-02	-5.892206e-02	1.261232e-01	-7.349668e-21	1.261232e-01	-1.261232e-01
295           	2.544437e-01	6.712192e-02	1.873218e-01	1.201998e-01	8.201639e-02	3.818345e-02	2.191647e-02	-6.009992e-02	1.272218e-01	-7.434642e-21	1.272218e-01	-1.272218e-01
296           	2.570978e-01	6.966899e-02	1.874288e-01	1.177598e-01	8.074393e-02	3.701590e-02	2.186402e-02	-5.887991e-02	1.285489e-01	-7.526297e-21	1.285489e-01	-1.285489e-01
297           	2.596907e-01	7.342796e-02	1.862627e-01	1.128348e-01	7.781467e-02	3.502009e-02	2.139729e-02	-5.641738e-02	1.298453e-01	-7.554534e-21	1.298453e-01	-1.298453e-01
298           	2.614749e-01	7.535083e-02	1.861241e-01	1.107732e-01	7.676783e-02	3.400542e-02	2.138121e-02	-5.538662e-02	1.307375e-01	-7.380185e-21	1.307375e-01	-1.307375e-01
299           	2.630226e-01	7.874253e-02	1.842800e-01	1.055375e-01	7.352255e-02	3.201496e-02	2.075380e-02	-5.276876e-02	1.315113e-01	-6.789223e-21	1.315113e-01	-1.315113e-01
300           	2.609012e-01	7.241076e-02	1.884904e-01	1.160796e-01	8.026832e-02	3.581133e-02	2.222850e-02	-5.803982e-02	1.304506e-01	-5.934197e-21	1.304506e-01	-1.304506e-01
301           	2.578906e-01	6.278483e-02	1.951057e-01	1.323209e-01	9.093576e-02	4.138514e-02	2.477531e-02	-6.616045e-02	1.289453e-01	-5.146706e-21	1.289453e-01	-1.289453e-01
302           	2.577952e-01	5.823014e-02	1.995650e-01	1.413349e-01	9.717738e-02	4.415748e-02	2.650995e-02	-7.066743e-02	1.288976e-01	-5.383068e-21	1.288976e-01	-1.288976e-01
303           	2.611752e-01	6.257485e-02	1.986003e-01	1.360255e-01	9.428722e-02	4.173828e-02	2.627447e-02	-6.801275e-02	1.305876e-01	-6.271266e-21	1.305876e-01	-1.305876e-01
304           	2.646177e-01	7.114015e-02	1.934775e-01	1.223374e-01	8.550180e-02	3.683557e-02	2.433311e-02	-6.116869e-02	1.323088e-01	-6.745361e-21	1.323088e-01	-1.323088e-01
305           	2.674270e-01	7.958687e-02	1.878401e-01	1.082532e-01	7.641953e-02	3.183369e-02	2.229292e-02	-5.412661e-02	1.337135e-01	-7.091812e-21	1.337135e-01	-1.337135e-01
306           	2.622628e-01	7.171471e-02	1.905481e-01	1.188334e-01	8.259620e-02	3.623722e-02	2.317949e-02	-5.941671e-02	1.311314e-01	-6.427122e-21	1.311314e-01	-1.311314e-01
307           	2.559835e-01	6.512811e-02	1.908554e-01	1.257273e-01	8.578682e-02	3.994048e-02	2.292317e-02	-6.286365e-02	1.279918e-01	-4.647593e-21	1.279918e-01	-1.279918e-01
308           	2.491121e-01	5.801315e-02	1.910990e-01	1.330858e-01	8.940461e-02	4.368119e-02	2.286171e-02	-6.654290e-02	1.245561e-01	-3.233348e-21	1.245561e-01	-1.245561e-01
309           	2.452792e-01	5.840668e-02	1.868726e-01	1.284659e-01	8.570080e-02	4.276507e-02	2.146787e-02	-6.423294e-02	1.226396e-01	-2.866712e-21	1.226396e-01	-1.226396e-01
310           	2.441317e-01	6.271636e-02	1.814153e-01	1.186989e-01	7.925747e-02	3.944147e-02	1.990800e-02	-5.934947e-02	1.220658e-01	-3.567861e-21	1.220658e-01	-1.220658e-01
311           	2.449679e-01	6.881500e-02	1.761529e-01	1.073379e-01	7.209338e-02	3.524454e-02	1.842442e-02	-5.366896e-02	1.224840e-01	-4.830791e-21	1.224840e-01	-1.224840e-01
312           	2.463981e-01	7.330151e-02	1.730966e-01	9.979507e-02	6.742753e-02	3.236754e-02	1.753000e-02	-4.989753e-02	1.231990e-01	-6.037956e-21	1.231990e-01	-1.231990e-01
313           	2.477121e-01	7.517198e-02	1.725401e-01	9.736813e-02	6.595719e-02	3.141094e-02	1.727312e-02	-4.868407e-02	1.238560e-01	-6.871793e-21	1.238560e-01	-1.238560e-01
314           	2.487958e-01	7.487409e-02	1.739217e-01	9.904764e-02	6.705931e-02	3.198833e-02	1.753549e-02	-4.952382e-02	1.243979e-01	-7.278936e-21	1.243979e-01	-1.243979e-01
315           	2.498431e-01	7.367637e-02	1.761668e-01	1.024904e-01	6.931609e-02	3.317430e-02	1.807089e-02	-5.124519e-02	1.249216e-01	-7.344361e-21	1.249216e-01	-1.249216e-01
316           	2.509769e-01	7.258769e-02	1.783892e-01	1.058016e-01	7.159017e-02	3.421138e-02	1.868940e-02	-5.290078e-02	1.254885e-01	-7.271758e-21	1.254885e-01	-1.254885e-01
317           	2.522458e-01	7.145255e-02	1.807932e-01	1.093407e-01	7.418257e-02	3.515809e-02	1.951224e-02	-5.467033e-02	1.261229e-01	-7.162295e-21	1.261229e-01	-1.261229e-01
318           	2.535283e-01	6.913995e-02	1.843883e-01	1.152484e-01	7.851005e-02	3.673831e-02	2.088587e-02	-5.762418e-02	1.267641e-01	-7.086388e-21	1.267641e-01	-1.267641e-01
319           	2.549997e-01	6.639883e-02	1.886008e-01	1.222020e-01	8.359208e-02	3.860993e-02	2.249108e-02	-6.110101e-02	1.274998e-01	-7.108273e-21	1.274998e-01	-1.274998e-01
320           	2.571642e-01	6.584488e-02	1.913193e-01	1.254744e-01	8.622724e-02	3.924719e-02	2.349003e-02	-6.273721e-02	1.285821e-01	-7.251250e-21	1.285821e-01	-1.285821e-01
321           	2.600910e-01	6.873798e-02	1.913530e-01	1.226150e-01	8.478082e-02	3.783421e-02	2.347330e-02	-6.130751e-02	1.300455e-01	-7.456504e-21	1.300455e-01	-1.300455e-01
322           	2.631778e-01	7.368773e-02	1.894901e-01	1.158023e-01	8.068306e-02	3.511929e-02	2.278189e-02	-5.790117e-02	1.315889e-01	-7.623025e-21	1.315889e-01	-1.315889e-01
323           	2.655231e-01	7.727025e-02	1.882528e-01	1.109826e-01	7.785190e-02	3.313066e-02	2.236062e-02	-5.549128e-02	1.327615e-01	-7.560365e-21	1.327615e-01	-1.327615e-01
324           	2.596481e-01	6.539638e-02	1.942518e-01	1.288554e-01	8.891791e-02	3.993746e-02	2.449022e-02	-6.442769e-02	1.298241e-01	-6.688759e-21	1.298241e-01	-1.298241e-01
325           	2.546817e-01	5.961650e-02	1.950652e-01	1.354487e-01	9.223519e-02	4.321348e-02	2.451085e-02	-6.772433e-02	1.273408e-01	-5.283528e-21	1.273408e-01	-1.273408e-01
326           	2.489408e-01	5.443994e-02	1.945009e-01	1.400610e-01	9.419686e-02	4.586411e-02	2.416638e-02	-7.003048e-02	1.244704e-01	-4.197677e-21	1.244704e-01	-1.244704e-01
327           	2.457242e-01	5.747991e-02	1.882443e-01	1.307644e-01	8.732204e-02	4.344231e-02	2.193987e-02	-6.538218e-02	1.228621e-01	-3.950432e-21	1.228621e-01	-1.228621e-01
328           	2.445539e-01	6.350294e-02	1.810509e-01	1.175480e-01	7.838180e-02	3.916620e-02	1.960780e-02	-5.877400e-02	1.222769e-01	-4.598010e-21	1.222769e-01	-1.222769e-01
329           	2.449494e-01	7.017158e-02	1.747778e-01	1.046062e-01	6.992915e-02	3.467707e-02	1.762604e-02	-5.230311e-02	1.224747e-01	-5.732728e-21	1.224747e-01	-1.224747e-01
330           	2.456031e-01	7.376575e-02	1.718374e-01	9.807165e-02	6.573721e-02	3.233444e-02	1.670138e-02	-4.903582e-02	1.228016e-01	-6.733811e-21	1.228016e-01	-1.228016e-01
331           	2.461453e-01	7.411195e-02	1.720334e-01	9.792145e-02	6.567692e-02	3.224453e-02	1.671619e-02	-4.896073e-02	1.230727e-01	-7.441337e-21	1.230727e-01	-1.230727e-01
332           	2.466954e-01	7.249912e-02	1.741963e-01	1.016972e-01	6.816586e-02	3.353130e-02	1.731728e-02	-5.084858e-02	1.233477e-01	-7.809112e-21	1.233477e-01	-1.233477e-01
333           	2.474695e-01	7.074973e-02	1.767198e-01	1.059700e-01	7.103407e-02	3.493596e-02	1.804906e-02	-5.298501e-02	1.237347e-01	-7.973394e-21	1.237347e-01	-1.237347e-01
334           	2.485312e-01	7.018428e-02	1.783469e-01	1.081626e-01	7.260879e-02	3.555382e-02	1.852748e-02	-5.408131e-02	1.242656e-01	-8.027867e-21	1.242656e-01	-1.242656e-01
335           	2.499432e-01	7.073778e-02	1.792054e-01	1.084676e-01	7.306231e-02	3.540533e-02	1.882849e-02	-5.423382e-02	1.249716e-01	-8.059270e-21	1.249716e-01	-1.249716e-01
336           	2.515296e-01	7.137055e-02	1.801590e-01	1.087885e-01	7.362056e-02	3.516789e-02	1.922634e-02	-5.439423e-02	1.257648e-01	-8.073050e-21	1.257648e-01	-1.257648e-01
337           	2.530684e-01	7.080028e-02	1.822681e-01	1.114678e-01	7.578108e-02	3.568674e-02	2.004717e-02	-5.573391e-02	1.265342e-01	-8.071927e-21	1.265342e-01	-1.265342e-01
338           	2.545560e-01	6.898134e-02	1.855746e-01	1.165933e-01	7.954889e-02	3.704442e-02	2.125223e-02	-5.829665e-02	1.272780e-01	-8.071133e-21	1.272780e-01	-1.272780e-01
339           	2.561994e-01	6.747671e-02	1.887227e-01	1.212460e-01	8.294924e-02	3.829677e-02	2.232623e-02	-6.062300e-02	1.280997e-01	-8.085634e-21	1.280997e-01	-1.280997e-01
340           	2.582229e-01	6.792687e-02	1.902961e-01	1.223692e-01	8.398343e-02	3.838577e-02	2.279883e-02	-6.118460e-02	1.291115e-01	-8.116744e-21	1.291115e-01	-1.291115e-01
341           	2.604832e-01	7.041151e-02	1.900717e-01	1.196602e-01	8.248418e-02	3.717600e-02	2.265409e-02	-5.983009e-02	1.302416e-01	-8.139220e-21	1.302416e-01	-1.302416e-01
342           	2.624930e-01	7.319181e-02	1.893012e-01	1.161094e-01	8.043829e-02	3.567110e-02	2.238360e-02	-5.805469e-02	1.312465e-01	-8.090807e-21	1.312465e-01	-1.312465e-01
343           	2.636715e-01	7.344979e-02	1.902217e-01	1.167719e-01	8.118328e-02	3.558862e-02	2.279733e-02	-5.838595e-02	1.318357e-01	-7.887905e-21	1.318357e-01	-1.318357e-01
344           	2.644703e-01	6.995093e-02	1.945194e-01	1.245685e-01	8.674480e-02	3.782367e-02	2.446057e-02	-6.228424e-02	1.322352e-01	-7.665252e-21	1.322352e-01	-1.322352e-01
345           	2.648540e-01	6.440731e-02	2.004467e-01	1.360394e-01	9.450757e-02	4.153183e-02	2.648787e-02	-6.801970e-02	1.324270e-01	-7.391110e-21	1.324270e-01	-1.324270e-01
346           	2.661579e-01	6.231310e-02	2.038448e-01	1.415317e-01	9.835238e-02	4.317934e-02	2.758652e-02	-7.076586e-02	1.330790e-01	-7.257181e-21	1.330790e-01	-1.330790e-01
347           	2.680411e-01	6.531678e-02	2.027243e-01	1.374075e-01	9.585958e-02	4.154792e-02	2.715583e-02	-6.870375e-02	1.340205e-01	-7.278578e-21	1.340205e-01	-1.340205e-01
348           	2.699602e-01	7.142255e-02	1.985377e-01	1.271151e-01	8.932244e-02	3.779268e-02	2.576488e-02	-6.355756e-02	1.349801e-01	-7.199536e-21	1.349801e-01	-1.349801e-01
349           	2.712355e-01	7.668387e-02	1.945516e-01	1.178678e-01	8.349295e-02	3.437481e-02	2.455907e-02	-5.893388e-02	1.356178e-01	-6.850828e-21	1.356178e-01	-1.356178e-01
350           	2.644408e-01	6.520315e-02	1.992376e-01	1.340345e-01	9.342431e-02	4.061018e-02	2.640706e-02	-6.701724e-02	1.322204e-01	-5.815440e-21	1.322204e-01	-1.322204e-01
351           	2.587066e-01	5.905907e-02	1.996475e-01	1.405885e-01	9.671838e-02	4.387010e-02	2.642414e-02	-7.029424e-02	1.293533e-01	-4.388384e-21	1.293533e-01	-1.293533e-01
352           	2.524566e-01	5.403572e-02	1.984209e-01	1.443852e-01	9.805054e-02	4.633465e-02	2.585795e-02	-7.219259e-02	1.262283e-01	-3.241627e-21	1.262283e-01	-1.262283e-01
353           	2.490393e-01	5.704265e-02	1.919967e-01	1.349540e-01	9.102695e-02	4.392707e-02	2.354994e-02	-6.747701e-02	1.245197e-01	-2.979744e-21	1.245197e-01	-1.245197e-01
354           	2.479333e-01	6.362172e-02	1.843116e-01	1.206898e-01	8.132650e-02	3.936333e-02	2.098158e-02	-6.034491e-02	1.239666e-01	-3.667329e-21	1.239666e-01	-1.239666e-01
355           	2.485653e-01	7.089210e-02	1.776732e-01	1.067811e-01	7.223644e-02	3.454466e-02	1.884589e-02	-5.339055e-02	1.242827e-01	-4.904299e-21	1.242827e-01	-1.242827e-01
356           	2.495379e-01	7.529839e-02	1.742395e-01	9.894111e-02	6.719750e-02	3.174361e-02	1.772694e-02	-4.947055e-02	1.247689e-01	-6.016251e-21	1.247689e-01	-1.247689e-01
357           	2.503839e-01	7.640799e-02	1.739759e-01	9.756793e-02	6.636454e-02	3.120339e-02	1.758057e-02	-4.878396e-02	1.251920e-01	-6.797805e-21	1.251920e-01	-1.251920e-01
358           	2.511239e-01	7.531879e-02	1.758051e-01	1.004863e-01	6.832472e-02	3.216162e-02	1.808155e-02	-5.024317e-02	1.255620e-01	-7.223132e-21	1.255620e-01	-1.255620e-01
359           	2.520418e-01	7.366824e-02	1.783736e-01	1.047053e-01	7.118700e-02	3.351831e-02	1.883435e-02	-5.235266e-02	1.260209e-01	-7.380341e-21	1.260209e-01	-1.260209e-01
360           	2.532504e-01	7.249961e-02	1.807508e-01	1.082512e-01	7.372006e-02	3.453112e-02	1.959447e-02	-5.412559e-02	1.266252e-01	-7.436552e-21	1.266252e-01	-1.266252e-01
361           	2.546912e-01	7.147793e-02	1.832133e-01	1.117353e-01	7.634803e-02	3.538732e-02	2.048035e-02	-5.586767e-02	1.273456e-01	-7.447039e-21	1.273456e-01	-1.273456e-01
362           	2.561428e-01	6.913871e-02	1.870041e-01	1.178654e-01	8.085019e-02	3.701522e-02	2.191748e-02	-5.893271e-02	1.280714e-01	-7.450692e-21	1.280714e-01	-1.280714e-01
363           	2.577541e-01	6.647688e-02	1.912772e-01	1.248004e-01	8.590336e-02	3.889700e-02	2.350318e-02	-6.240018e-02	1.288771e-01	-7.520261e-21	1.288771e-01	-1.288771e-01
364           	2.601116e-01	6.633676e-02	1.937748e-01	1.274381e-01	8.810849e-02	3.932959e-02	2.438945e-02	-6.371904e-02	1.300558e-01	-7.689746e-21	1.300558e-01	-1.300558e-01
365           	2.631673e-01	6.971593e-02	1.934514e-01	1.237355e-01	8.610352e-02	3.763195e-02	2.423579e-02	-6.186773e-02	1.315837e-01	-7.901143e-21	1.315837e-01	-1.315837e-01
366           	2.662423e-01	7.489105e-02	1.913512e-01	1.164602e-01	8.170797e-02	3.475222e-02	2.347787e-02	-5.823009e-02	1.331211e-01	-8.055954e-21	1.331211e-01	-1.331211e-01
367           	2.684467e-01	7.845295e-02	1.899938e-01	1.115408e-01	7.881357e-02	3.272726e-02	2.304315e-02	-5.577041e-02	1.342234e-01	-7.914780e-21	1.342234e-01	-1.342234e-01
368           	2.623910e-01	6.553584e-02	1.968552e-01	1.313193e-01	9.119530e-02	4.012402e-02	2.553564e-02	-6.565966e-02	1.311955e-01	-7.098229e-21	1.311955e-01	-1.311955e-01
369           	2.576844e-01	5.911739e-02	1.985670e-01	1.394497e-01	9.570396e-02	4.374569e-02	2.597913e-02	-6.972483e-02	1.288422e-01	-5.956474e-21	1.288422e-01	-1.288422e-01
370           	2.521931e-01	5.395675e-02	1.982364e-01	1.442797e-01	9.788941e-02	4.639024e-02	2.574959e-02	-7.213983e-02	1.260966e-01	-5.009560e-21	1.260966e-01	-1.260966e-01
371           	2.490350e-01	5.712244e-02	1.919126e-01	1.347901e-01	9.086952e-02	4.392060e-02	2.347446e-02	-6.739506e-02	1.245175e-01	-4.734472e-21	1.245175e-01	-1.245175e-01
372           	2.477047e-01	6.345550e-02	1.842492e-01	1.207937e-01	8.128954e-02	3.950419e-02	2.089267e-02	-6.039687e-02	1.238524e-01	-5.206537e-21	1.238524e-01	-1.238524e-01
373           	2.478468e-01	7.033395e-02	1.775128e-01	1.071789e-01	7.226001e-02	3.491885e-02	1.867058e-02	-5.358943e-02	1.239234e-01	-6.128552e-21	1.239234e-01	-1.239234e-01
374           	2.482924e-01	7.410354e-02	1.741889e-01	1.000854e-01	6.761670e-02	3.246866e-02	1.757402e-02	-5.004268e-02	1.241462e-01	-6.968507e-21	1.241462e-01	-1.241462e-01
375           	2.487325e-01	7.455574e-02	1.741767e-01	9.962100e-02	6.733490e-02	3.228610e-02	1.752440e-02	-4.981050e-02	1.243662e-01	-7.604038e-21	1.243662e-01	-1.243662e-01
376           	2.492768e-01	7.300214e-02	1.762747e-01	1.032725e-01	6.977610e-02	3.349643e-02	1.813984e-02	-5.163627e-02	1.246384e-01	-7.978399e-21	1.246384e-01	-1.246384e-01
377           	2.501229e-01	7.125594e-02	1.788670e-01	1.076110e-01	7.274009e-02	3.487092e-02	1.893458e-02	-5.380550e-02	1.250614e-01	-8.185658e-21	1.250614e-01	-1.250614e-01
378           	2.512828e-01	7.063253e-02	1.806502e-01	1.100177e-01	7.450299e-02	3.551472e-02	1.949413e-02	-5.500886e-02	1.256414e-01	-8.300470e-21	1.256414e-01	-1.256414e-01
379           	2.527652e-01	7.101817e-02	1.817471e-01	1.107289e-01	7.524876e-02	3.548012e-02	1.988432e-02	-5.536444e-02	1.263826e-01	-8.374840e-21	1.263826e-01	-1.263826e-01
380           	2.543609e-01	7.130391e-02	1.830570e-01	1.117531e-01	7.627524e-02	3.547785e-02	2.039870e-02	-5.587654e-02	1.271805e-01	-8.408526e-21	1.271805e-01	-1.271805e-01
381           	2.558842e-01	7.035393e-02	1.855302e-01	1.151763e-01	7.892157e-02	3.625474e-02	2.133341e-02	-5.758816e-02	1.279421e-01	-8.412385e-21	1.279421e-01	-1.279421e-01
382           	2.573832e-01	6.851565e-02	1.888675e-01	1.203519e-01	8.270716e-02	3.764473e-02	2.253122e-02	-6.017594e-02	1.286916e-01	-8.411664e-21	1.286916e-01	-1.286916e-01
383           	2.591012e-01	6.751179e-02	1.915894e-01	1.240777e-01	8.548559e-02	3.859207e-02	2.344676e-02	-6.203883e-02	1.295506e-01	-8.424992e-21	1.295506e-01	-1.295506e-01
384           	2.611982e-01	6.866011e-02	1.925381e-01	1.238779e-01	8.564761e-02	3.823033e-02	2.370864e-02	-6.193897e-02	1.305991e-01	-8.452739e-21	1.305991e-01	-1.305991e-01
385           	2.634238e-01	7.149919e-02	1.919246e-01	1.204254e-01	8.366173e-02	3.676366e-02	2.344903e-02	-6.021270e-02	1.317119e-01	-8.463880e-21	1.317119e-01	-1.317119e-01
386           	2.652440e-01	7.393354e-02	1.913105e-01	1.173769e-01	8.194459e-02	3.543233e-02	2.325613e-02	-5.868846e-02	1.326220e-01	-8.385707e-21	1.326220e-01	-1.326220e-01
387           	2.660296e-01	7.271247e-02	1.933171e-01	1.206046e-01	8.437485e-02	3.622977e-02	2.407254e-02	-6.030231e-02	1.330148e-01	-8.129469e-21	1.330148e-01	-1.330148e-01
388           	2.664190e-01	6.762558e-02	1.987934e-01	1.311678e-01	9.171786e-02	3.944999e-02	2.613393e-02	-6.558392e-02	1.332095e-01	-7.941477e-21	1.332095e-01	-1.332095e-01
389           	2.671060e-01	6.245553e-02	2.046504e-01	1.421949e-01	9.922183e-02	4.297307e-02	2.812438e-02	-7.109745e-02	1.335530e-01	-7.791882e-21	1.335530e-01	-1.335530e-01
390           	2.688848e-01	6.213787e-02	2.067469e-01	1.446091e-01	1.010586e-01	4.355043e-02	2.875410e-02	-7.230453e-02	1.344424e-01	-7.770034e-21	1.344424e-01	-1.344424e-01
391           	2.711296e-01	6.669593e-02	2.044336e-01	1.377377e-01	9.679010e-02	4.094762e-02	2.792124e-02	-6.886886e-02	1.355648e-01	-7.827858e-21	1.355648e-01	-1.355648e-01
392           	2.730651e-01	7.320971e-02	1.998554e-01	1.266457e-01	8.976063e-02	3.688508e-02	2.643778e-02	-6.332286e-02	1.365326e-01	-7.726911e-21	1.365326e-01	-1.365326e-01
393           	2.677343e-01	6.543391e-02	2.023004e-01	1.368664e-01	9.590478e-02	4.096167e-02	2.747156e-02	-6.843322e-02	1.338671e-01	-6.830008e-21	1.338671e-01	-1.338671e-01
394           	2.623153e-01	6.177642e-02	2.005389e-01	1.387625e-01	9.605890e-02	4.270359e-02	2.667765e-02	-6.938124e-02	1.311577e-01	-5.158553e-21	1.311577e-01	-1.311577e-01
395           	2.554305e-01	5.653665e-02	1.988939e-01	1.423572e-01	9.713808e-02	4.521913e-02	2.595947e-02	-7.117861e-02	1.277153e-01	-3.680052e-21	1.277153e-01	-1.277153e-01
396           	2.511311e-01	5.809549e-02	1.930356e-01	1.349401e-01	9.135251e-02	4.358764e-02	2.388243e-02	-6.747007e-02	1.255656e-01	-3.168174e-21	1.255656e-01	-1.255656e-01
397           	2.493213e-01	6.292524e-02	1.863961e-01	1.234708e-01	8.348545e-02	3.998537e-02	2.175004e-02	-6.173541e-02	1.246607e-01	-3.750626e-21	1.246607e-01	-1.246607e-01
398           	2.496242e-01	6.916211e-02	1.804621e-01	1.113000e-01	7.557696e-02	3.572306e-02	1.992695e-02	-5.565001e-02	1.248121e-01	-5.013879e-21	1.248121e-01	-1.248121e-01
399           	2.506030e-01	7.347164e-02	1.771313e-01	1.036597e-01	7.071615e-02	3.294353e-02	1.888631e-02	-5.182984e-02	1.253015e-01	-6.229244e-21	1.253015e-01	-1.253015e-01
400           	2.516102e-01	7.506236e-02	1.765478e-01	1.014855e-01	6.938308e-02	3.210237e-02	1.864036e-02	-5.074273e-02	1.258051e-01	-7.135076e-21	1.258051e-01	-1.258051e-01
401           	2.524925e-01	7.463392e-02	1.778586e-01	1.032247e-01	7.055286e-02	3.267179e-02	1.894053e-02	-5.161233e-02	1.262462e-01	-7.642149e-21	1.262462e-01	-1.262462e-01
402           	2.534565e-01	7.351027e-02	1.799463e-01	1.064360e-01	7.270229e-02	3.373370e-02	1.948430e-02	-5.321800e-02	1.267283e-01	-7.819755e-21	1.267283e-01	-1.267283e-01
403           	2.546345e-01	7.266965e-02	1.819649e-01	1.092952e-01	7.471851e-02	3.457672e-02	2.007090e-02	-5.464762e-02	1.273173e-01	-7.852797e-21	1.273173e-01	-1.273173e-01
404           	2.560022e-01	7.206147e-02	1.839407e-01	1.118792e-01	7.668289e-02	3.519634e-02	2.074327e-02	-5.593961e-02	1.280011e-01	-7.834224e-21	1.280011e-01	-1.280011e-01
405           	2.574061e-01	7.049517e-02	1.869110e-01	1.164158e-01	8.006689e-02	3.634890e-02	2.185900e-02	-5.820790e-02	1.287031e-01	-7.822833e-21	1.287031e-01	-1.287031e-01
406           	2.588790e-01	6.802978e-02	1.908492e-01	1.228194e-01	8.474318e-02	3.807626e-02	2.333346e-02	-6.140972e-02	1.294395e-01	-7.861115e-21	1.294395e-01	-1.294395e-01
407           	2.607420e-01	6.677832e-02	1.939637e-01	1.271854e-01	8.805043e-02	3.913493e-02	2.445775e-02	-6.359268e-02	1.303710e-01	-7.974774e-21	1.303710e-01	-1.303710e-01
408           	2.632518e-01	6.846393e-02	1.947878e-01	1.263239e-01	8.788423e-02	3.843967e-02	2.472228e-02	-6.316195e-02	1.316259e-01	-8.139539e-21	1.316259e-01	-1.316259e-01
409           	2.660330e-01	7.250653e-02	1.935264e-01	1.210199e-01	8.475827e-02	3.626164e-02	2.424832e-02	-6.050996e-02	1.330165e-01	-8.288509e-21	1.330165e-01	-1.330165e-01
410           	2.683435e-01	7.618535e-02	1.921581e-01	1.159728e-01	8.177346e-02	3.419933e-02	2.378707e-02	-5.798639e-02	1.341717e-01	-8.305861e-21	1.341717e-01	-1.341717e-01
411           	2.640841e-01	6.532150e-02	1.987626e-01	1.334411e-01	9.283927e-02	4.060185e-02	2.611871e-02	-6.672056e-02	1.320421e-01	-7.795314e-21	1.320421e-01	-1.320421e-01
412           	2.602681e-01	6.055288e-02	1.997152e-01	1.391623e-01	9.570991e-02	4.345242e-02	2.612875e-02	-6.958117e-02	1.301340e-01	-6.519983e-21	1.301340e-01	-1.301340e-01
413           	2.543424e-01	5.424287e-02	2.000995e-01	1.458567e-01	9.897878e-02	4.687789e-02	2.605045e-02	-7.292834e-02	1.271712e-01	-5.232403e-21	1.271712e-01	-1.271712e-01
414           	2.505204e-01	5.593201e-02	1.945883e-01	1.386563e-01	9.341141e-02	4.524493e-02	2.408324e-02	-6.932817e-02	1.252602e-01	-4.723595e-21	1.252602e-01	-1.252602e-01
415           	2.487064e-01	6.110430e-02	1.876021e-01	1.264978e-01	8.511151e-02	4.138626e-02	2.186263e-02	-6.324888e-02	1.243532e-01	-5.108916e-21	1.243532e-01	-1.243532e-01
416           	2.487760e-01	6.796866e-02	1.808074e-01	1.128387e-01	7.620535e-02	3.663337e-02	1.978599e-02	-5.641936e-02	1.243880e-01	-6.135286e-21	1.243880e-01	-1.243880e-01
417           	2.492556e-01	7.239723e-02	1.768584e-01	1.044612e-01	7.082054e-02	3.364063e-02	1.858996e-02	-5.223059e-02	1.246278e-01	-7.127214e-21	1.246278e-01	-1.246278e-01
418           	2.496636e-01	7.369761e-02	1.759659e-01	1.022683e-01	6.942518e-02	3.284316e-02	1.829101e-02	-5.113417e-02	1.248318e-01	-7.879854e-21	1.248318e-01	-1.248318e-01
419           	2.499958e-01	7.270636e-02	1.772894e-01	1.045831e-01	7.089485e-02	3.368822e-02	1.860331e-02	-5.229153e-02	1.249979e-01	-8.295779e-21	1.249979e-01	-1.249979e-01
420           	2.505477e-01	7.108572e-02	1.794620e-01	1.083763e-01	7.335210e-02	3.502416e-02	1.916397e-02	-5.418813e-02	1.252738e-01	-8.489430e-21	1.252738e-01	-1.252738e-01
421           	2.514579e-01	7.028100e-02	1.811769e-01	1.108959e-01	7.505460e-02	3.584127e-02	1.960666e-02	-5.544794e-02	1.257289e-01	-8.557300e-21	1.257289e-01	-1.257289e-01
422           	2.527681e-01	7.064339e-02	1.821247e-01	1.114813e-01	7.562381e-02	3.585754e-02	1.988313e-02	-5.574067e-02	1.263841e-01	-8.609501e-21	1.263841e-01	-1.263841e-01
423           	2.543382e-01	7.151133e-02	1.828269e-01	1.113156e-01	7.582187e-02	3.549370e-02	2.016408e-02	-5.565778e-02	1.271691e-01	-8.652869e-21	1.271691e-01	-1.271691e-01
424           	2.558834e-01	7.160639e-02	1.842770e-01	1.126706e-01	7.708718e-02	3.558341e-02	2.075188e-02	-5.633530e-02	1.279417e-01	-8.680268e-21	1.279417e-01	-1.279417e-01
425           	2.572936e-01	7.035809e-02	1.869356e-01	1.165775e-01	8.004040e-02	3.653707e-02	2.175167e-02	-5.828874e-02	1.286468e-01	-8.691156e-21	1.286468e-01	-1.286468e-01
426           	2.586934e-01	6.859694e-02	1.900965e-01	1.214995e-01	8.361896e-02	3.788057e-02	2.286920e-02	-6.074976e-02	1.293467e-01	-8.700857e-21	1.293467e-01	-1.293467e-01
427           	2.603216e-01	6.789244e-02	1.924292e-01	1.245368e-01	8.590473e-02	3.863203e-02	2.363635e-02	-6.226838e-02	1.301608e-01	-8.721121e-21	1.301608e-01	-1.301608e-01
428           	2.622435e-01	6.907216e-02	1.931714e-01	1.240992e-01	8.588122e-02	3.821796e-02	2.383163e-02	-6.204959e-02	1.311218e-01	-8.746243e-21	1.311218e-01	-1.311218e-01
429           	2.641869e-01	7.142009e-02	1.927668e-01	1.213468e-01	8.433702e-02	3.700973e-02	2.366364e-02	-6.067338e-02	1.320935e-01	-8.741926e-21	1.320935e-01	-1.320935e-01
430           	2.656998e-01	7.307774e-02	1.926221e-01	1.195443e-01	8.342421e-02	3.612011e-02	2.365205e-02	-5.977216e-02	1.328499e-01	-8.647856e-21	1.328499e-01	-1.328499e-01
431           	2.663850e-01	7.197000e-02	1.944150e-01	1.224450e-01	8.560572e-02	3.683927e-02	2.438323e-02	-6.122249e-02	1.331925e-01	-8.417342e-21	1.331925e-01	-1.331925e-01
432           	2.662537e-01	6.834336e-02	1.979103e-01	1.295670e-01	9.049729e-02	3.906967e-02	2.571381e-02	-6.478348e-02	1.331268e-01	-8.083870e-21	1.331268e-01	-1.331268e-01
433           	2.664523e-01	6.600121e-02	2.004511e-01	1.344498e-01	9.389553e-02	4.055431e-02	2.667061e-02	-6.722492e-02	1.332261e-01	-7.854294e-21	1.332261e-01	-1.332261e-01
434           	2.677217e-01	6.762830e-02	2.000934e-01	1.324651e-01	9.281570e-02	3.964937e-02	2.658316e-02	-6.623254e-02	1.338608e-01	-7.832463e-21	1.338608e-01	-1.338608e-01
435           	2.696381e-01	7.249078e-02	1.971473e-01	1.246566e-01	8.790053e-02	3.675602e-02	2.557226e-02	-6.232828e-02	1.348191e-01	-7.928428e-21	1.348191e-01	-1.348191e-01
436           	2.716991e-01	7.764138e-02	1.940577e-01	1.164163e-01	8.276762e-02	3.364870e-02	2.455946e-02	-5.820816e-02	1.358495e-01	-8.036080e-21	1.358495e-01	-1.358495e-01
437           	2.668669e-01	6.663999e-02	2.002269e-01	1.335869e-01	9.354511e-02	4.004181e-02	2.675165e-02	-6.679346e-02	1.334334e-01	-7.522772e-21	1.334334e-01	-1.334334e-01
438           	2.620852e-01	6.032345e-02	2.017617e-01	1.414383e-01	9.768027e-02	4.375801e-02	2.696113e-02	-7.071914e-02	1.310426e-01	-6.163187e-21	1.310426e-01	-1.310426e-01
439           	2.557481e-01	5.331303e-02	2.024351e-01	1.491221e-01	1.015657e-01	4.755640e-02	2.700463e-02	-7.456103e-02	1.278741e-01	-4.905762e-21	1.278741e-01	-1.278741e-01
440           	2.520516e-01	5.491600e-02	1.971356e-01	1.422196e-01	9.627824e-02	4.594139e-02	2.516843e-02	-7.110981e-02	1.260258e-01	-4.540626e-21	1.260258e-01	-1.260258e-01
441           	2.505598e-01	6.047099e-02	1.900888e-01	1.296178e-01	8.777884e-02	4.183898e-02	2.296993e-02	-6.480891e-02	1.252799e-01	-5.035816e-21	1.252799e-01	-1.252799e-01
442           	2.508938e-01	6.762778e-02	1.832661e-01	1.156383e-01	7.872537e-02	3.691293e-02	2.090622e-02	-5.781915e-02	1.254469e-01	-6.092081e-21	1.254469e-01	-1.254469e-01
443           	2.516529e-01	7.244532e-02	1.792076e-01	1.067622e-01	7.304494e-02	3.371729e-02	1.966383e-02	-5.338112e-02	1.258264e-01	-7.101465e-21	1.258264e-01	-1.258264e-01
444           	2.523201e-01	7.406374e-02	1.782564e-01	1.041926e-01	7.140216e-02	3.279045e-02	1.930585e-02	-5.209631e-02	1.261600e-01	-7.851179e-21	1.261600e-01	-1.261600e-01
445           	2.529077e-01	7.329554e-02	1.796121e-01	1.063166e-01	7.276321e-02	3.355339e-02	1.960491e-02	-5.315830e-02	1.264538e-01	-8.256788e-21	1.264538e-01	-1.264538e-01
446           	2.537006e-01	7.172499e-02	1.819756e-01	1.102507e-01	7.534245e-02	3.490821e-02	2.021712e-02	-5.512533e-02	1.268503e-01	-8.398621e-21	1.268503e-01	-1.268503e-01
447           	2.548443e-01	7.060949e-02	1.842348e-01	1.136254e-01	7.767845e-02	3.594691e-02	2.086577e-02	-5.681268e-02	1.274222e-01	-8.440986e-21	1.274222e-01	-1.274222e-01
448           	2.562864e-01	6.996903e-02	1.863174e-01	1.163484e-01	7.974460e-02	3.660377e-02	2.157041e-02	-5.817419e-02	1.281432e-01	-8.448274e-21	1.281432e-01	-1.281432e-01
449           	2.577984e-01	6.869230e-02	1.891061e-01	1.204138e-01	8.283669e-02	3.757714e-02	2.262978e-02	-6.020692e-02	1.288992e-01	-8.454887e-21	1.288992e-01	-1.288992e-01
450           	2.593191e-01	6.658226e-02	1.927368e-01	1.261546e-01	8.709538e-02	3.905920e-02	2.401809e-02	-6.307729e-02	1.296596e-01	-8.483635e-21	1.296596e-01	-1.296596e-01
451           	2.610726e-01	6.537211e-02	1.957005e-01	1.303284e-01	9.027686e-02	4.005152e-02	2.511267e-02	-6.516419e-02	1.305363e-01	-8.553387e-21	1.305363e-01	-1.305363e-01
452           	2.633569e-01	6.677159e-02	1.965853e-01	1.298137e-01	9.031681e-02	3.949693e-02	2.540994e-02	-6.490687e-02	1.316785e-01	-8.659963e-21	1.316785e-01	-1.316785e-01
453           	2.659326e-01	7.049514e-02	1.954375e-01	1.249423e-01	8.744324e-02	3.749911e-02	2.497207e-02	-6.247117e-02	1.329663e-01	-8.762263e-21	1.329663e-01	-1.329663e-01
454           	2.681700e-01	7.418345e-02	1.939865e-01	1.198031e-01	8.436485e-02	3.543823e-02	2.446331e-02	-5.990154e-02	1.340850e-01	-8.770154e-21	1.340850e-01	-1.340850e-01
455           	2.693877e-01	7.437482e-02	1.950129e-01	1.206381e-01	8.521473e-02	3.542335e-02	2.489569e-02	-6.031904e-02	1.346939e-01	-8.490174e-21	1.346939e-01	-1.346939e-01
456           	2.689363e-01	7.056654e-02	1.983698e-01	1.278032e-01	8.999142e-02	3.781182e-02	2.608980e-02	-6.390162e-02	1.344682e-01	-7.924201e-21	1.344682e-01	-1.344682e-01
457           	2.694873e-01	6.608382e-02	2.034035e-01	1.373197e-01	9.670544e-02	4.061422e-02	2.804561e-02	-6.865983e-02	1.347436e-01	-7.644025e-21	1.347436e-01	-1.347436e-01
458           	2.690649e-01	5.887357e-02	2.101913e-01	1.513178e-01	1.060225e-01	4.529529e-02	3.036359e-02	-7.565888e-02	1.345324e-01	-7.523080e-21	1.345324e-01	-1.345324e-01
459           	2.703901e-01	5.857995e-02	2.118101e-01	1.532302e-01	1.074358e-01	4.579439e-02	3.082069e-02	-7.661508e-02	1.351950e-01	-7.648120e-21	1.351950e-01	-1.351950e-01
460           	2.722162e-01	6.385370e-02	2.083625e-01	1.445088e-01	1.017704e-01	4.273843e-02	2.951598e-02	-7.225441e-02	1.361081e-01	-7.677498e-21	1.361081e-01	-1.361081e-01
461           	2.739783e-01	7.124910e-02	2.027292e-01	1.314801e-01	9.342377e-02	3.805632e-02	2.768373e-02	-6.574005e-02	1.369891e-01	-7.784332e-21	1.369891e-01	-1.369891e-01
462           	2.748293e-01	7.670752e-02	1.981218e-01	1.214143e-01	8.703804e-02	3.437624e-02	2.633090e-02	-6.070714e-02	1.374147e-01	-7.654682e-21	1.374147e-01	-1.374147e-01
463           	2.689403e-01	6.528649e-02	2.036538e-01	1.383673e-01	9.766791e-02	4.069943e-02	2.848424e-02	-6.918367e-02	1.344702e-01	-6.872147e-21	1.344702e-01	-1.344702e-01
464           	2.639373e-01	5.905297e-02	2.048843e-01	1.458313e-01	1.016405e-01	4.419083e-02	2.872484e-02	-7.291567e-02	1.319686e-01	-5.468395e-21	1.319686e-01	-1.319686e-01
465           	2.572902e-01	5.191174e-02	2.053784e-01	1.534667e-01	1.054031e-01	4.806360e-02	2.866974e-02	-7.673334e-02	1.286451e-01	-4.074917e-21	1.286451e-01	-1.286451e-01
466           	2.534538e-01	5.343802e-02	2.000157e-01	1.465777e-01	9.997903e-02	4.659869e-02	2.669017e-02	-7.328886e-02	1.267269e-01	-3.576386e-21	1.267269e-01	-1.267269e-01
467           	2.521579e-01	5.964270e-02	1.925152e-01	1.328725e-01	9.065787e-02	4.221464e-02	2.422161e-02	-6.643625e-02	1.260790e-01	-4.101589e-21	1.260790e-01	-1.260790e-01
468           	2.529344e-01	6.783379e-02	1.851006e-01	1.172668e-01	8.055558e-02	3.671122e-02	2.192218e-02	-5.863340e-02	1.264672e-01	-5.310138e-21	1.264672e-01	-1.264672e-01
469           	2.541194e-01	7.376633e-02	1.803531e-01	1.065868e-01	7.373885e-02	3.284791e-02	2.044547e-02	-5.329338e-02	1.270597e-01	-6.468270e-21	1.270597e-01	-1.270597e-01
470           	2.549839e-01	7.614984e-02	1.788340e-01	1.026842e-01	7.124369e-02	3.144052e-02	1.990158e-02	-5.134210e-02	1.274919e-01	-7.295277e-21	1.274919e-01	-1.274919e-01
471           	2.554570e-01	7.571804e-02	1.797390e-01	1.040209e-01	7.205116e-02	3.196979e-02	2.004069e-02	-5.201047e-02	1.277285e-01	-7.721787e-21	1.277285e-01	-1.277285e-01
472           	2.559645e-01	7.413296e-02	1.818315e-01	1.076985e-01	7.438060e-02	3.331793e-02	2.053133e-02	-5.384927e-02	1.279822e-01	-7.846556e-21	1.279822e-01	-1.279822e-01
473           	2.569043e-01	7.274141e-02	1.841629e-01	1.114215e-01	7.688064e-02	3.454087e-02	2.116989e-02	-5.571076e-02	1.284522e-01	-7.865657e-21	1.284522e-01	-1.284522e-01
474           	2.582550e-01	7.191318e-02	1.863418e-01	1.144286e-01	7.908215e-02	3.534645e-02	2.186785e-02	-5.721430e-02	1.291275e-01	-7.879614e-21	1.291275e-01	-1.291275e-01
475           	2.598264e-01	7.053944e-02	1.892870e-01	1.187475e-01	8.232444e-02	3.642310e-02	2.295067e-02	-5.937377e-02	1.299132e-01	-7.920968e-21	1.299132e-01	-1.299132e-01
476           	2.614763e-01	6.825818e-02	1.932181e-01	1.249599e-01	8.690985e-02	3.805007e-02	2.442989e-02	-6.247996e-02	1.307381e-01	-8.004938e-21	1.307381e-01	-1.307381e-01
477           	2.634125e-01	6.697901e-02	1.964335e-01	1.294545e-01	9.033810e-02	3.911636e-02	2.561087e-02	-6.472723e-02	1.317062e-01	-8.147647e-21	1.317062e-01	-1.317062e-01
478           	2.659279e-01	6.857900e-02	1.973489e-01	1.287699e-01	9.031264e-02	3.845724e-02	2.592770e-02	-6.438494e-02	1.329639e-01	-8.328017e-21	1.329639e-01	-1.329639e-01
479           	2.686892e-01	7.264607e-02	1.960432e-01	1.233971e-01	8.714669e-02	3.625040e-02	2.544814e-02	-6.169855e-02	1.343446e-01	-8.488824e-21	1.343446e-01	-1.343446e-01
480           	2.710190e-01	7.659843e-02	1.944206e-01	1.178222e-01	8.380196e-02	3.402021e-02	2.489088e-02	-5.891109e-02	1.355095e-01	-8.527523e-21	1.355095e-01	-1.355095e-01
481           	2.656046e-01	6.501368e-02	2.005909e-01	1.355773e-01	9.484579e-02	4.073147e-02	2.705716e-02	-6.778863e-02	1.328023e-01	-7.671168e-21	1.328023e-01	-1.328023e-01
482           	2.615886e-01	6.087091e-02	2.007177e-01	1.398467e-01	9.671618e-02	4.313056e-02	2.679281e-02	-6.992337e-02	1.307943e-01	-6.384663e-21	1.307943e-01	-1.307943e-01
483           	2.560979e-01	5.539575e-02	2.007022e-01	1.453064e-01	9.922816e-02	4.607827e-02	2.657495e-02	-7.265321e-02	1.280490e-01	-5.286458e-21	1.280490e-01	-1.280490e-01
484           	2.529498e-01	5.780707e-02	1.951427e-01	1.373356e-01	9.322921e-02	4.410640e-02	2.456140e-02	-6.866781e-02	1.264749e-01	-5.024964e-21	1.264749e-01	-1.264749e-01
485           	2.516308e-01	6.303212e-02	1.885987e-01	1.255666e-01	8.524819e-02	4.031836e-02	2.246492e-02	-6.278328e-02	1.258154e-01	-5.610545e-21	1.258154e-01	-1.258154e-01
486           	2.518600e-01	6.936977e-02	1.824903e-01	1.131205e-01	7.717435e-02	3.594615e-02	2.061410e-02	-5.656025e-02	1.259300e-01	-6.713251e-21	1.259300e-01	-1.259300e-01
487           	2.522698e-01	7.296736e-02	1.793024e-01	1.063351e-01	7.284992e-02	3.348517e-02	1.968237e-02	-5.316754e-02	1.261349e-01	-7.699181e-21	1.261349e-01	-1.261349e-01
488           	2.524908e-01	7.343748e-02	1.790533e-01	1.056158e-01	7.241034e-02	3.320545e-02	1.960244e-02	-5.280790e-02	1.262454e-01	-8.399260e-21	1.262454e-01	-1.262454e-01
489           	2.526662e-01	7.191866e-02	1.807475e-01	1.088289e-01	7.446423e-02	3.436466e-02	2.004978e-02	-5.441444e-02	1.263331e-01	-8.749652e-21	1.263331e-01	-1.263331e-01
490           	2.531471e-01	7.012405e-02	1.830231e-01	1.128990e-01	7.710134e-02	3.579768e-02	2.065183e-02	-5.644951e-02	1.265736e-01	-8.892925e-21	1.265736e-01	-1.265736e-01
491           	2.540703e-01	6.940116e-02	1.846692e-01	1.152680e-01	7.870012e-02	3.656789e-02	2.106611e-02	-5.763400e-02	1.270352e-01	-8.933248e-21	1.270352e-01	-1.270352e-01
492           	2.554557e-01	6.987616e-02	1.855795e-01	1.157034e-01	7.916841e-02	3.653494e-02	2.131673e-02	-5.785168e-02	1.277278e-01	-8.977470e-21	1.277278e-01	-1.277278e-01
493           	2.570766e-01	7.058635e-02	1.864903e-01	1.159039e-01	7.960766e-02	3.629626e-02	2.165570e-02	-5.795196e-02	1.285383e-01	-9.023759e-21	1.285383e-01	-1.285383e-01
494           	2.586508e-01	7.032931e-02	1.883215e-01	1.179922e-01	8.135860e-02	3.663363e-02	2.236249e-02	-5.899612e-02	1.293254e-01	-9.055742e-21	1.293254e-01	-1.293254e-01
495           	2.601090e-01	6.891577e-02	1.911933e-01	1.222775e-01	8.457405e-02	3.770345e-02	2.343530e-02	-6.113875e-02	1.300545e-01	-9.070033e-21	1.300545e-01	-1.300545e-01
496           	2.615841e-01	6.749199e-02	1.940921e-01	1.266001e-01	8.775011e-02	3.884996e-02	2.445007e-02	-6.330004e-02	1.307920e-01	-9.076108e-21	1.307920e-01	-1.307920e-01
497           	2.632910e-01	6.751387e-02	1.957771e-01	1.282633e-01	8.911373e-02	3.914952e-02	2.498211e-02	-6.413163e-02	1.316455e-01	-9.084413e-21	1.316455e-01	-1.316455e-01
498           	2.651974e-01	6.930198e-02	1.958954e-01	1.265934e-01	8.825361e-02	3.833980e-02	2.495691e-02	-6.329670e-02	1.325987e-01	-9.087489e-21	1.325987e-01	-1.325987e-01
499           	2.669611e-01	7.165516e-02	1.953059e-01	1.236508e-01	8.655061e-02	3.710016e-02	2.472522e-02	-6.182538e-02	1.334805e-01	-9.045524e-21	1.334805e-01	-1.334805e-01
500           	2.681532e-01	7.255456e-02	1.955986e-01	1.230440e-01	8.638649e-02	3.665756e-02	2.486446e-02	-6.152202e-02	1.340766e-01	-8.901871e-21	1.340766e-01	-1.340766e-01
501           	2.684463e-01	7.024729e-02	1.981990e-01	1.279517e-01	8.984020e-02	3.811154e-02	2.586433e-02	-6.397587e-02	1.342232e-01	-8.616230e-21	1.342232e-01	-1.342232e-01
502           	2.681663e-01	6.646972e-02	2.016966e-01	1.352269e-01	9.477249e-02	4.045437e-02	2.715906e-02	-6.761343e-02	1.340832e-01	-8.290240e-21	1.340832e-01	-1.340832e-01
503           	2.687142e-01	6.542145e-02	2.032927e-01	1.378713e-01	9.670072e-02	4.117054e-02	2.776509e-02	-6.893563e-02	1.343571e-01	-8.132039e-21	1.343571e-01	-1.343571e-01
504           	2.702680e-01	6.850529e-02	2.017627e-01	1.332574e-01	9.389259e-02	3.936485e-02	2.726387e-02	-6.662872e-02	1.351340e-01	-8.196634e-21	1.351340e-01	-1.351340e-01
505           	2.722785e-01	7.391802e-02	1.983605e-01	1.244425e-01	8.832611e-02	3.611636e-02	2.610487e-02	-6.222124e-02	1.361393e-01	-8.306824e-21	1.361393e-01	-1.361393e-01
506           	2.741107e-01	7.811691e-02	1.959937e-01	1.178768e-01	8.429612e-02	3.358072e-02	2.535770e-02	-5.893842e-02	1.370553e-01	-8.300456e-21	1.370553e-01	-1.370553e-01
507           	2.676375e-01	6.502585e-02	2.026116e-01	1.375858e-01	9.650558e-02	4.108018e-02	2.771270e-02	-6.879288e-02	1.338187e-01	-7.466017e-21	1.338187e-01	-1.338187e-01
508           	2.622276e-01	5.771292e-02	2.045147e-01	1.468018e-01	1.015565e-01	4.524525e-02	2.815562e-02	-7.340088e-02	1.311138e-01	-6.207042e-21	1.311138e-01	-1.311138e-01
509           	2.563372e-01	5.178296e-02	2.045542e-01	1.527712e-01	1.044309e-01	4.834031e-02	2.804531e-02	-7.638562e-02	1.281686e-01	-5.242348e-21	1.281686e-01	-1.281686e-01
510           	2.533467e-01	5.482778e-02	1.985189e-01	1.436911e-01	9.779274e-02	4.589838e-02	2.594718e-02	-7.184556e-02	1.266733e-01	-5.156353e-21	1.266733e-01	-1.266733e-01
511           	2.523151e-01	6.139253e-02	1.909226e-01	1.295301e-01	8.822449e-02	4.130557e-02	2.345946e-02	-6.476503e-02	1.261576e-01	-5.770047e-21	1.261576e-01	-1.261576e-01
512           	2.527422e-01	6.857200e-02	1.841702e-01	1.155982e-01	7.908310e-02	3.651513e-02	2.128398e-02	-5.779912e-02	1.263711e-01	-6.786346e-21	1.263711e-01	-1.263711e-01
