/*--------------------------------*- C++ -*----------------------------------*\
| =========                 |                                                 |
| \\      /  F ield         | OpenFOAM: The Open Source CFD Toolbox           |
|  \\    /   O peration     | Version:  2212                                  |
|   \\  /    A nd           | Website:  www.openfoam.com                      |
|    \\/     M anipulation  |                                                 |
\*---------------------------------------------------------------------------*/
FoamFile
{
    version     2.0;
    format      ascii;
    arch        "LSB;label=32;scalar=64";
    class       faceSet;
    location    "constant/polyMesh/sets";
    object      nonOrthoFaces;
}
// * * * * * * * * * * * * * * * * * * * * * * * * * * * * * * * * * * * * * //


4026
(
688305
688306
688307
688308
688309
688310
688311
688312
688313
688314
688315
688316
688317
688318
688319
688320
688321
688322
688323
688324
688325
688326
688327
688328
688329
688330
688331
688332
688333
688334
688335
688336
688337
688338
688339
688340
688341
688342
688343
688344
688345
688346
688347
688348
688349
688350
688351
688352
688353
688354
721149
721150
721151
721152
721153
721154
721155
721156
721157
721158
721159
721160
721161
721162
721163
721164
721165
721166
721167
721168
721169
721170
721171
721172
721173
721174
721175
721176
721177
721178
721179
721180
721181
721182
721183
721184
721185
721186
721187
721188
721189
721190
721191
721192
721193
721194
705025
705026
705027
705028
705029
705030
705031
705032
705033
705034
705035
705036
705037
705038
705039
705040
705041
705042
705043
705044
705045
705046
705047
705048
705049
705050
705051
705052
705053
705054
705055
705056
705057
705058
705059
705060
705061
705062
705063
705064
705065
705066
705067
705068
705069
705070
705071
705072
705073
705074
705075
705076
705077
705078
705079
688903
688904
688905
688906
688907
688908
688909
688910
688911
688912
688913
688914
688915
688916
688917
688918
688919
688920
688921
688922
688923
688924
688925
688926
688927
688928
688929
688930
688931
688932
688933
688934
688935
688936
688937
688938
688939
688940
688941
688942
688943
688944
688945
688946
688947
688948
688949
688950
688951
688952
721747
721748
721749
721750
721751
721752
721753
721754
721755
721756
721757
721758
721759
721760
721761
721762
721763
721764
721765
721766
721767
721768
721769
721770
721771
721772
721773
721774
721775
721776
721777
721778
721779
721780
721781
721782
721783
721784
721785
721786
721787
721788
721789
721790
721791
721792
705622
705623
705624
705625
705626
705627
705628
705629
705630
705631
705632
705633
705634
705635
705636
705637
705638
705639
705640
705641
705642
705643
705644
705645
705646
705647
705648
705649
705650
705651
705652
705653
705654
705655
705656
705657
705658
705659
705660
705661
705662
705663
705664
705665
705666
705667
705668
705669
705670
705671
705672
705673
705674
705675
705676
689501
689502
689503
689504
689505
689506
689507
689508
689509
689510
689511
689512
689513
689514
689515
689516
689517
689518
689519
689520
689521
689522
689523
689524
689525
689526
689527
689528
689529
689530
689531
689532
689533
689534
689535
689536
689537
689538
689539
689540
689541
689542
689543
689544
689545
689546
689547
689548
689549
689550
722344
722345
722346
722347
722348
722349
722350
722351
722352
722353
722354
722355
722356
722357
722358
722359
722360
722361
722362
722363
722364
722365
722366
722367
722368
722369
722370
722371
722372
722373
722374
722375
722376
722377
722378
722379
722380
722381
722382
722383
722384
722385
722386
722387
722388
722389
722390
706219
706220
706221
706222
706223
706224
706225
706226
706227
706228
706229
706230
706231
706232
706233
706234
706235
706236
706237
706238
706239
706240
706241
706242
706243
706244
706245
706246
706247
706248
706249
706250
706251
706252
706253
706254
706255
706256
706257
706258
706259
706260
706261
706262
706263
706264
706265
706266
706267
706268
706269
706270
706271
706272
690099
690100
690101
690102
690103
690104
690105
690106
690107
690108
690109
690110
690111
690112
690113
690114
690115
690116
690117
690118
690119
690120
690121
690122
690123
690124
690125
690126
690127
690128
690129
690130
690131
690132
690133
690134
690135
690136
690137
690138
690139
690140
690141
690142
690143
690144
690145
690146
690147
722942
722943
722944
722945
722946
722947
722948
722949
722950
722951
722952
722953
722954
722955
722956
722957
722958
722959
722960
722961
722962
722963
722964
722965
722966
722967
722968
722969
722970
722971
722972
722973
722974
722975
722976
722977
722978
722979
722980
722981
722982
722983
722984
722985
722986
722987
722988
706816
706817
706818
706819
706820
706821
706822
706823
706824
706825
706826
706827
706828
706829
706830
706831
706832
706833
706834
706835
706836
706837
706838
706839
706840
706841
706842
706843
706844
706845
706846
706847
706848
706849
706850
706851
706852
706853
706854
706855
706856
706857
706858
706859
706860
706861
706862
706863
706864
706865
706866
706867
706868
706869
690697
690698
690699
690700
690701
690702
690703
690704
690705
690706
690707
690708
690709
690710
690711
690712
690713
690714
690715
690716
690717
690718
690719
690720
690721
690722
690723
690724
690725
690726
690727
690728
690729
690730
690731
690732
690733
690734
690735
690736
690737
690738
690739
690740
690741
690742
690743
690744
690745
690746
723539
723540
723541
723542
723543
723544
723545
723546
723547
723548
723549
723550
723551
723552
723553
723554
723555
723556
723557
723558
723559
723560
723561
723562
723563
723564
723565
723566
723567
723568
723569
723570
723571
723572
723573
723574
723575
723576
723577
723578
723579
723580
723581
723582
723583
723584
723585
723586
707413
707414
707415
707416
707417
707418
707419
707420
707421
707422
707423
707424
707425
707426
707427
707428
707429
707430
707431
707432
707433
707434
707435
707436
707437
707438
707439
707440
707441
707442
707443
707444
707445
707446
707447
707448
707449
707450
707451
707452
707453
707454
707455
707456
707457
707458
707459
707460
707461
707462
707463
707464
707465
707466
691295
691296
691297
691298
691299
691300
691301
691302
691303
691304
691305
691306
691307
691308
691309
691310
691311
691312
691313
691314
691315
691316
691317
691318
691319
691320
691321
691322
691323
691324
691325
691326
691327
691328
691329
691330
691331
691332
691333
691334
691335
691336
691337
691338
691339
691340
691341
691342
691343
691344
724137
724138
724139
724140
724141
724142
724143
724144
724145
724146
724147
724148
724149
724150
724151
724152
724153
724154
724155
724156
724157
724158
724159
724160
724161
724162
724163
724164
724165
724166
724167
724168
724169
724170
724171
724172
724173
724174
724175
724176
724177
724178
724179
724180
724181
724182
724183
724184
708010
708011
708012
708013
708014
708015
708016
708017
708018
708019
708020
708021
708022
708023
708024
708025
708026
708027
708028
708029
708030
708031
708032
708033
708034
708035
708036
708037
708038
708039
708040
708041
708042
708043
708044
708045
708046
708047
708048
708049
708050
708051
708052
708053
708054
708055
708056
708057
708058
708059
708060
708061
708062
691893
691894
691895
691896
691897
691898
691899
691900
691901
691902
691903
691904
691905
691906
691907
691908
691909
691910
691911
691912
691913
691914
691915
691916
691917
691918
691919
691920
691921
691922
691923
691924
691925
691926
691927
691928
691929
691930
691931
691932
691933
691934
691935
691936
691937
691938
691939
691940
691941
724734
724735
724736
724737
724738
724739
724740
724741
724742
724743
724744
724745
724746
724747
724748
724749
724750
724751
724752
724753
724754
724755
724756
724757
724758
724759
724760
724761
724762
724763
724764
724765
724766
724767
724768
724769
724770
724771
724772
724773
724774
724775
724776
724777
724778
724779
724780
724781
724782
708607
708608
708609
708610
708611
708612
708613
708614
708615
708616
708617
708618
708619
708620
708621
708622
708623
708624
708625
708626
708627
708628
708629
708630
708631
708632
708633
708634
708635
708636
708637
708638
708639
708640
708641
708642
708643
708644
708645
708646
708647
708648
708649
708650
708651
708652
708653
708654
708655
708656
708657
708658
708659
692491
692492
692493
692494
692495
692496
692497
692498
692499
692500
692501
692502
692503
692504
692505
692506
692507
692508
692509
692510
692511
692512
692513
692514
692515
692516
692517
692518
692519
692520
692521
692522
692523
692524
692525
692526
692527
692528
692529
692530
692531
692532
692533
692534
692535
692536
692537
692538
692539
725332
725333
725334
725335
725336
725337
725338
725339
725340
725341
725342
725343
725344
725345
725346
725347
725348
725349
725350
725351
725352
725353
725354
725355
725356
725357
725358
725359
725360
725361
725362
725363
725364
725365
725366
725367
725368
725369
725370
725371
725372
725373
725374
725375
725376
725377
725378
725379
725380
709204
709205
709206
709207
709208
709209
709210
709211
709212
709213
709214
709215
709216
709217
709218
709219
709220
709221
709222
709223
709224
709225
709226
709227
709228
709229
709230
709231
709232
709233
709234
709235
709236
709237
709238
709239
709240
709241
709242
709243
709244
709245
709246
709247
709248
709249
709250
709251
709252
709253
709254
709255
693089
693090
693091
693092
693093
693094
693095
693096
693097
693098
693099
693100
693101
693102
693103
693104
693105
693106
693107
693108
693109
693110
693111
693112
693113
693114
693115
693116
693117
693118
693119
693120
693121
693122
693123
693124
693125
693126
693127
693128
693129
693130
693131
693132
693133
693134
693135
693136
725930
725931
725932
725933
725934
725935
725936
725937
725938
725939
725940
725941
725942
725943
725944
725945
725946
725947
725948
725949
725950
725951
725952
725953
725954
725955
725956
725957
725958
725959
725960
725961
725962
725963
725964
725965
725966
725967
725968
725969
725970
725971
725972
725973
725974
725975
725976
725977
725978
709801
709802
709803
709804
709805
709806
709807
709808
709809
709810
709811
709812
709813
709814
709815
709816
709817
709818
709819
709820
709821
709822
709823
709824
709825
709826
709827
709828
709829
709830
709831
709832
709833
709834
709835
709836
709837
709838
709839
709840
709841
709842
709843
709844
709845
709846
709847
709848
709849
709850
709851
709852
693687
693688
693689
693690
693691
693692
693693
693694
693695
693696
693697
693698
693699
693700
693701
693702
693703
693704
693705
693706
693707
693708
693709
693710
693711
693712
693713
693714
693715
693716
693717
693718
693719
693720
693721
693722
693723
693724
693725
693726
693727
693728
693729
693730
693731
693732
693733
693734
726528
726529
726530
726531
726532
726533
726534
726535
726536
726537
726538
726539
726540
726541
726542
726543
726544
726545
726546
726547
726548
726549
726550
726551
726552
726553
726554
726555
726556
726557
726558
726559
726560
726561
726562
726563
726564
726565
726566
726567
726568
726569
726570
726571
726572
726573
726574
726575
726576
710398
710399
710400
710401
710402
710403
710404
710405
710406
710407
710408
710409
710410
710411
710412
710413
710414
710415
710416
710417
710418
710419
710420
710421
710422
710423
710424
710425
710426
710427
710428
710429
710430
710431
710432
710433
710434
710435
710436
710437
710438
710439
710440
710441
710442
710443
710444
710445
710446
710447
710448
694283
694284
694285
694286
694287
694288
694289
694290
694291
694292
694293
694294
694295
694296
694297
694298
694299
694300
694301
694302
694303
694304
694305
694306
694307
694308
694309
694310
694311
694312
694313
694314
694315
694316
694317
694318
694319
694320
694321
694322
694323
694324
694325
694326
694327
694328
694329
694330
694331
694332
727125
727126
727127
727128
727129
727130
727131
727132
727133
727134
727135
727136
727137
727138
727139
727140
727141
727142
727143
727144
727145
727146
727147
727148
727149
727150
727151
727152
727153
727154
727155
727156
727157
727158
727159
727160
727161
727162
727163
727164
727165
727166
727167
727168
727169
727170
727171
710995
710996
710997
710998
710999
711000
711001
711002
711003
711004
711005
711006
711007
711008
711009
711010
711011
711012
711013
711014
711015
711016
711017
711018
711019
711020
711021
711022
711023
711024
711025
711026
711027
711028
711029
711030
711031
711032
711033
711034
711035
711036
711037
711038
711039
711040
711041
711042
711043
711044
711045
694880
694881
694882
694883
694884
694885
694886
694887
694888
694889
694890
694891
694892
694893
694894
694895
694896
694897
694898
694899
694900
694901
694902
694903
694904
694905
694906
694907
694908
694909
694910
694911
694912
694913
694914
694915
694916
694917
694918
694919
694920
694921
694922
694923
694924
694925
694926
694927
694928
694929
727723
727724
727725
727726
727727
727728
727729
727730
727731
727732
727733
727734
727735
727736
727737
727738
727739
727740
727741
727742
727743
727744
727745
727746
727747
727748
727749
727750
727751
727752
727753
727754
727755
727756
727757
727758
727759
727760
727761
727762
727763
727764
727765
727766
727767
711592
711593
711594
711595
711596
711597
711598
711599
711600
711601
711602
711603
711604
711605
711606
711607
711608
711609
711610
711611
711612
711613
711614
711615
711616
711617
711618
711619
711620
711621
711622
711623
711624
711625
711626
711627
711628
711629
711630
711631
711632
711633
711634
711635
711636
711637
711638
711639
711640
711641
695477
695478
695479
695480
695481
695482
695483
695484
695485
695486
695487
695488
695489
695490
695491
695492
695493
695494
695495
695496
695497
695498
695499
695500
695501
695502
695503
695504
695505
695506
695507
695508
695509
695510
695511
695512
695513
695514
695515
695516
695517
695518
695519
695520
695521
695522
695523
695524
695525
695526
728321
728322
728323
728324
728325
728326
728327
728328
728329
728330
728331
728332
728333
728334
728335
728336
728337
728338
728339
728340
728341
728342
728343
728344
728345
728346
728347
728348
728349
728350
728351
728352
728353
728354
728355
728356
728357
728358
728359
728360
728361
728362
712190
712191
712192
712193
712194
712195
712196
712197
712198
712199
712200
712201
712202
712203
712204
712205
712206
712207
712208
712209
712210
712211
712212
712213
712214
712215
712216
712217
712218
712219
712220
712221
712222
712223
712224
712225
712226
712227
712228
712229
712230
712231
712232
712233
712234
712235
712236
712237
712238
696073
696074
696075
696076
696077
696078
696079
696080
696081
696082
696083
696084
696085
696086
696087
696088
696089
696090
696091
696092
696093
696094
696095
696096
696097
696098
696099
696100
696101
696102
696103
696104
696105
696106
696107
696108
696109
696110
696111
696112
696113
696114
696115
696116
696117
696118
696119
696120
696121
696122
696123
696124
728920
728921
728922
728923
728924
728925
728926
728927
728928
728929
728930
728931
728932
728933
728934
728935
728936
728937
728938
728939
728940
728941
728942
728943
728944
728945
728946
728947
728948
728949
728950
728951
728952
728953
728954
728955
728956
728957
728958
712787
712788
712789
712790
712791
712792
712793
712794
712795
712796
712797
712798
712799
712800
712801
712802
712803
712804
712805
712806
712807
712808
712809
712810
712811
712812
712813
712814
712815
712816
712817
712818
712819
712820
712821
712822
712823
712824
712825
712826
712827
712828
712829
712830
712831
712832
712833
712834
696670
696671
696672
696673
696674
696675
696676
696677
696678
696679
696680
696681
696682
696683
696684
696685
696686
696687
696688
696689
696690
696691
696692
696693
696694
696695
696696
696697
696698
696699
696700
696701
696702
696703
696704
696705
696706
696707
696708
696709
696710
696711
696712
696713
696714
696715
696716
696717
696718
696719
696720
696721
729517
729518
729519
729520
729521
729522
729523
729524
729525
729526
729527
729528
729529
729530
729531
729532
729533
729534
729535
729536
729537
729538
729539
729540
729541
729542
729543
729544
729545
729546
729547
729548
729549
729550
729551
729552
729553
713384
713385
713386
713387
713388
713389
713390
713391
713392
713393
713394
713395
713396
713397
713398
713399
713400
713401
713402
713403
713404
713405
713406
713407
713408
713409
713410
713411
713412
713413
713414
713415
713416
713417
713418
713419
713420
713421
713422
713423
713424
713425
713426
713427
713428
713429
713430
713431
697267
697268
697269
697270
697271
697272
697273
697274
697275
697276
697277
697278
697279
697280
697281
697282
697283
697284
697285
697286
697287
697288
697289
697290
697291
697292
697293
697294
697295
697296
697297
697298
697299
697300
697301
697302
697303
697304
697305
697306
697307
697308
697309
697310
697311
697312
697313
697314
697315
697316
697317
697318
730115
730116
730117
730118
730119
730120
730121
730122
730123
730124
730125
730126
730127
730128
730129
730130
730131
730132
730133
730134
730135
730136
730137
730138
730139
730140
730141
730142
730143
730144
730145
730146
730147
730148
713981
713982
713983
713984
713985
713986
713987
713988
713989
713990
713991
713992
713993
713994
713995
713996
713997
713998
713999
714000
714001
714002
714003
714004
714005
714006
714007
714008
714009
714010
714011
714012
714013
714014
714015
714016
714017
714018
714019
714020
714021
714022
714023
714024
714025
714026
714027
697864
697865
697866
697867
697868
697869
697870
697871
697872
697873
697874
697875
697876
697877
697878
697879
697880
697881
697882
697883
697884
697885
697886
697887
697888
697889
697890
697891
697892
697893
697894
697895
697896
697897
697898
697899
697900
697901
697902
697903
697904
697905
697906
697907
697908
697909
697910
697911
697912
697913
697914
697915
697916
730714
730715
730716
730717
730718
730719
730720
730721
730722
730723
730724
730725
730726
730727
730728
730729
730730
730731
730732
730733
730734
730735
730736
730737
730738
730739
730740
730741
730742
730743
681748
681749
681750
681751
681752
681753
681754
681755
681756
681757
681758
681759
681760
681761
714579
714580
714581
714582
714583
714584
714585
714586
714587
714588
714589
714590
714591
714592
714593
714594
714595
714596
714597
714598
714599
714600
714601
714602
714603
714604
714605
714606
714607
714608
714609
714610
714611
714612
714613
714614
714615
714616
714617
714618
714619
714620
714621
714622
714623
698460
698461
698462
698463
698464
698465
698466
698467
698468
698469
698470
698471
698472
698473
698474
698475
698476
698477
698478
698479
698480
698481
698482
698483
698484
698485
698486
698487
698488
698489
698490
698491
698492
698493
698494
698495
698496
698497
698498
698499
698500
698501
698502
698503
698504
698505
698506
698507
698508
698509
698510
698511
698512
698513
731313
731314
731315
731316
731317
731318
731319
731320
731321
731322
731323
731324
731325
731326
731327
731328
731329
731330
731331
731332
731333
731334
731335
731336
731337
731338
682340
682341
682342
682343
682344
682345
682346
682347
682348
682349
682350
682351
682352
682353
682354
682355
682356
682357
682358
682359
682360
682361
682362
715176
715177
715178
715179
715180
715181
715182
715183
715184
715185
715186
715187
715188
715189
715190
715191
715192
715193
715194
715195
715196
715197
715198
715199
715200
715201
715202
715203
715204
715205
715206
715207
715208
715209
715210
715211
715212
715213
715214
715215
715216
715217
715218
715219
715220
699057
699058
699059
699060
699061
699062
699063
699064
699065
699066
699067
699068
699069
699070
699071
699072
699073
699074
699075
699076
699077
699078
699079
699080
699081
699082
699083
699084
699085
699086
699087
699088
699089
699090
699091
699092
699093
699094
699095
699096
699097
699098
699099
699100
699101
699102
699103
699104
699105
699106
699107
699108
699109
699110
731911
731912
731913
731914
731915
731916
731917
731918
731919
731920
731921
731922
731923
731924
731925
731926
731927
731928
731929
731930
731931
731932
731933
682933
682934
682935
682936
682937
682938
682939
682940
682941
682942
682943
682944
682945
682946
682947
682948
682949
682950
682951
682952
682953
682954
682955
682956
682957
682958
682959
682960
682961
682962
682963
715773
715774
715775
715776
715777
715778
715779
715780
715781
715782
715783
715784
715785
715786
715787
715788
715789
715790
715791
715792
715793
715794
715795
715796
715797
715798
715799
715800
715801
715802
715803
715804
715805
715806
715807
715808
715809
715810
715811
715812
715813
715814
715815
715816
699654
699655
699656
699657
699658
699659
699660
699661
699662
699663
699664
699665
699666
699667
699668
699669
699670
699671
699672
699673
699674
699675
699676
699677
699678
699679
699680
699681
699682
699683
699684
699685
699686
699687
699688
699689
699690
699691
699692
699693
699694
699695
699696
699697
699698
699699
699700
699701
699702
699703
699704
699705
699706
699707
732511
732512
732513
732514
732515
732516
732517
732518
732519
732520
732521
732522
732523
732524
732525
732526
732527
683526
683527
683528
683529
683530
683531
683532
683533
683534
683535
683536
683537
683538
683539
683540
683541
683542
683543
683544
683545
683546
683547
683548
683549
683550
683551
683552
683553
683554
683555
683556
683557
683558
683559
683560
683561
683562
683563
716370
716371
716372
716373
716374
716375
716376
716377
716378
716379
716380
716381
716382
716383
716384
716385
716386
716387
716388
716389
716390
716391
716392
716393
716394
716395
716396
716397
716398
716399
716400
716401
716402
716403
716404
716405
716406
716407
716408
716409
716410
716411
716412
700251
700252
700253
700254
700255
700256
700257
700258
700259
700260
700261
700262
700263
700264
700265
700266
700267
700268
700269
700270
700271
700272
700273
700274
700275
700276
700277
700278
700279
700280
700281
700282
700283
700284
700285
700286
700287
700288
700289
700290
700291
700292
700293
700294
700295
700296
700297
700298
700299
700300
700301
700302
700303
700304
733111
733112
733113
733114
733115
733116
733117
733118
733119
733120
684120
684121
684122
684123
684124
684125
684126
684127
684128
684129
684130
684131
684132
684133
684134
684135
684136
684137
684138
684139
684140
684141
684142
684143
684144
684145
684146
684147
684148
684149
684150
684151
684152
684153
684154
684155
684156
684157
684158
684159
684160
684161
684162
684163
716968
716969
716970
716971
716972
716973
716974
716975
716976
716977
716978
716979
716980
716981
716982
716983
716984
716985
716986
716987
716988
716989
716990
716991
716992
716993
716994
716995
716996
716997
716998
716999
717000
717001
717002
717003
717004
717005
717006
717007
717008
717009
700847
700848
700849
700850
700851
700852
700853
700854
700855
700856
700857
700858
700859
700860
700861
700862
700863
700864
700865
700866
700867
700868
700869
700870
700871
700872
700873
700874
700875
700876
700877
700878
700879
700880
700881
700882
700883
700884
700885
700886
700887
700888
700889
700890
700891
700892
700893
700894
700895
700896
700897
700898
700899
700900
700901
684717
684718
684719
684720
684721
684722
684723
684724
684725
684726
684727
684728
684729
684730
684731
684732
684733
684734
684735
684736
684737
684738
684739
684740
684741
684742
684743
684744
684745
684746
684747
684748
684749
684750
684751
684752
684753
684754
684755
684756
684757
684758
684759
684760
684761
684762
717565
717566
717567
717568
717569
717570
717571
717572
717573
717574
717575
717576
717577
717578
717579
717580
717581
717582
717583
717584
717585
717586
717587
717588
717589
717590
717591
717592
717593
717594
717595
717596
717597
717598
717599
717600
717601
717602
717603
717604
717605
717606
701444
701445
701446
701447
701448
701449
701450
701451
701452
701453
701454
701455
701456
701457
701458
701459
701460
701461
701462
701463
701464
701465
701466
701467
701468
701469
701470
701471
701472
701473
701474
701475
701476
701477
701478
701479
701480
701481
701482
701483
701484
701485
701486
701487
701488
701489
701490
701491
701492
701493
701494
701495
701496
701497
701498
685315
685316
685317
685318
685319
685320
685321
685322
685323
685324
685325
685326
685327
685328
685329
685330
685331
685332
685333
685334
685335
685336
685337
685338
685339
685340
685341
685342
685343
685344
685345
685346
685347
685348
685349
685350
685351
685352
685353
685354
685355
685356
685357
685358
685359
685360
685361
718162
718163
718164
718165
718166
718167
718168
718169
718170
718171
718172
718173
718174
718175
718176
718177
718178
718179
718180
718181
718182
718183
718184
718185
718186
718187
718188
718189
718190
718191
718192
718193
718194
718195
718196
718197
718198
718199
718200
718201
718202
718203
718204
702041
702042
702043
702044
702045
702046
702047
702048
702049
702050
702051
702052
702053
702054
702055
702056
702057
702058
702059
702060
702061
702062
702063
702064
702065
702066
702067
702068
702069
702070
702071
702072
702073
702074
702075
702076
702077
702078
702079
702080
702081
702082
702083
702084
702085
702086
702087
702088
702089
702090
702091
702092
702093
702094
702095
685913
685914
685915
685916
685917
685918
685919
685920
685921
685922
685923
685924
685925
685926
685927
685928
685929
685930
685931
685932
685933
685934
685935
685936
685937
685938
685939
685940
685941
685942
685943
685944
685945
685946
685947
685948
685949
685950
685951
685952
685953
685954
685955
685956
685957
685958
685959
685960
718760
718761
718762
718763
718764
718765
718766
718767
718768
718769
718770
718771
718772
718773
718774
718775
718776
718777
718778
718779
718780
718781
718782
718783
718784
718785
718786
718787
718788
718789
718790
718791
718792
718793
718794
718795
718796
718797
718798
718799
718800
718801
718802
702638
702639
702640
702641
702642
702643
702644
702645
702646
702647
702648
702649
702650
702651
702652
702653
702654
702655
702656
702657
702658
702659
702660
702661
702662
702663
702664
702665
702666
702667
702668
702669
702670
702671
702672
702673
702674
702675
702676
702677
702678
702679
702680
702681
702682
702683
702684
702685
702686
702687
702688
702689
702690
702691
702692
686511
686512
686513
686514
686515
686516
686517
686518
686519
686520
686521
686522
686523
686524
686525
686526
686527
686528
686529
686530
686531
686532
686533
686534
686535
686536
686537
686538
686539
686540
686541
686542
686543
686544
686545
686546
686547
686548
686549
686550
686551
686552
686553
686554
686555
686556
686557
686558
686559
719357
719358
719359
719360
719361
719362
719363
719364
719365
719366
719367
719368
719369
719370
719371
719372
719373
719374
719375
719376
719377
719378
719379
719380
719381
719382
719383
719384
719385
719386
719387
719388
719389
719390
719391
719392
719393
719394
719395
719396
719397
719398
719399
719400
703235
703236
703237
703238
703239
703240
703241
703242
703243
703244
703245
703246
703247
703248
703249
703250
703251
703252
703253
703254
703255
703256
703257
703258
703259
703260
703261
703262
703263
703264
703265
703266
703267
703268
703269
703270
703271
703272
703273
703274
703275
703276
703277
703278
703279
703280
703281
703282
703283
703284
703285
703286
703287
703288
703289
687109
687110
687111
687112
687113
687114
687115
687116
687117
687118
687119
687120
687121
687122
687123
687124
687125
687126
687127
687128
687129
687130
687131
687132
687133
687134
687135
687136
687137
687138
687139
687140
687141
687142
687143
687144
687145
687146
687147
687148
687149
687150
687151
687152
687153
687154
687155
687156
687157
719954
719955
719956
719957
719958
719959
719960
719961
719962
719963
719964
719965
719966
719967
719968
719969
719970
719971
719972
719973
719974
719975
719976
719977
719978
719979
719980
719981
719982
719983
719984
719985
719986
719987
719988
719989
719990
719991
719992
719993
719994
719995
719996
719997
719998
703831
703832
703833
703834
703835
703836
703837
703838
703839
703840
703841
703842
703843
703844
703845
703846
703847
703848
703849
703850
703851
703852
703853
703854
703855
703856
703857
703858
703859
703860
703861
703862
703863
703864
703865
703866
703867
703868
703869
703870
703871
703872
703873
703874
703875
703876
703877
703878
703879
703880
703881
703882
703883
703884
703885
687707
687708
687709
687710
687711
687712
687713
687714
687715
687716
687717
687718
687719
687720
687721
687722
687723
687724
687725
687726
687727
687728
687729
687730
687731
687732
687733
687734
687735
687736
687737
687738
687739
687740
687741
687742
687743
687744
687745
687746
687747
687748
687749
687750
687751
687752
687753
687754
687755
720552
720553
720554
720555
720556
720557
720558
720559
720560
720561
720562
720563
720564
720565
720566
720567
720568
720569
720570
720571
720572
720573
720574
720575
720576
720577
720578
720579
720580
720581
720582
720583
720584
720585
720586
720587
720588
720589
720590
720591
720592
720593
720594
720595
720596
704428
704429
704430
704431
704432
704433
704434
704435
704436
704437
704438
704439
704440
704441
704442
704443
704444
704445
704446
704447
704448
704449
704450
704451
704452
704453
704454
704455
704456
704457
704458
704459
704460
704461
704462
704463
704464
704465
704466
704467
704468
704469
704470
704471
704472
704473
704474
704475
704476
704477
704478
704479
704480
704481
704482
)


// ************************************************************************* //
